Arcelia 503706227 1 03 33 46
Alissa 26058957 2 06 06 44
Edgardo 503706213 1 21 15 07
Nathalie 994137025 2 15 30 05
Sharell 1104600967 2 00 32 14
Nicolas 26019971 2 14 13 32
Greg 391276859 1 02 08 34
Inell 329971216 2 22 07 21
Darci 330341310 1 09 38 13
Brooks 1272462373 1 12 28 22
Sara 1052277661 1 00 50 54
Curt 384987394 1 23 07 49
Brandon 1207551499 2 04 33 34
Scott 100168771 1 07 25 52
Marline 404737850 2 19 27 28
Jesica 1272495262 1 00 13 33
Aisha 464755883 1 12 47 31
Hulda 384987373 2 21 02 44
Josue 1131574868 1 02 14 21
Margene 1272432634 1 10 10 33
Eda 384987415 1 04 26 59
Julee 390067184 1 03 55 47
Julee 558604003 1 15 21 49
Doug 1271614048 2 22 18 16
Rogelio 1272140731 2 11 12 02
Liane 534789222 2 07 38 33
Antone 503706184 2 19 05 18
Agnus 718791373 2 10 40 15
Leana 404735491 1 14 03 42
Cleora 1110673715 2 07 26 06
Deangelo 26020028 2 23 10 54
Fidel 457553786 1 16 27 13
Gilberte 1330651044 2 06 29 29
Jazmine 1103908498 1 18 27 39
Carolann 530710610 2 06 46 23
Gerardo 1105969488 2 12 15 02
Marcene 1068433664 2 18 06 02
Greg 464755757 2 09 04 31
Clora 384987394 1 15 09 34
Marline 687060340 2 00 22 27
Ralph 1131574854 2 18 25 53
Fabian 1271611635 2 08 55 17
Fidel 1280624170 2 15 52 18
Linette 1103908537 1 01 41 20
Nathalie 534789222 2 07 05 25
Sara 1272500937 2 16 57 37
Clifford 1131574885 2 15 47 16
Harriette 26020488 1 16 31 51
Eleonor 503706224 1 06 45 36
Jamila 624265176 1 20 34 15
Isaac 503706223 1 19 06 44
Louann 1167473371 2 22 21 09
Gaynelle 404735105 2 01 27 04
Anton 392954323 1 04 06 22
Logan 994138090 2 08 16 35
Vicenta 1052277912 1 01 41 16
Yuki 1330250325 2 05 07 52
Eleonor 1173286477 2 06 11 09
Hubert 1237293078 2 14 31 08
Josue 503706289 1 11 32 53
Nathalie 1272483370 2 05 42 21
Venice 1280629078 1 11 54 21
Talitha 1330646807 1 18 26 51
Julee 336970066 2 18 32 27
Christinia 1030913311 2 06 42 40
Patria 1110673532 2 12 44 54
Clifford 384987412 2 09 09 18
Christinia 1330250269 2 20 10 09
Sharell 1052278185 2 15 00 48
Floria 457547060 2 03 03 57
Dannie 1242340721 2 15 30 02
Liane 384994724 2 18 42 22
Loriann 1024974463 1 22 06 40
Angelia 1103908498 1 06 46 10
Louann 391649012 2 21 58 51
Lewis 1280624178 1 16 39 28
Matilda 26020022 1 19 16 43
Marg 503706182 2 08 50 43
Tula 1032260764 1 11 56 57
Creola 100168468 2 06 39 36
Deangelo 1131574868 2 14 02 44
Arcelia 1109624602 2 18 30 51
Arlean 1330646809 2 19 35 38
Fabian 464757314 1 01 25 51
Yuki 1068433654 2 08 29 10
Madge 687060502 2 03 47 22
Shery 1330250334 1 08 14 03
Raeann 26020367 2 16 07 23
Shawana 1272475190 1 18 38 33
Scott 410351547 2 08 06 14
Rayford 1131574801 1 00 20 47
Josue 1284646423 1 05 28 51
Dorian 719013643 1 20 39 33
Deangelo 464757245 2 17 03 35
Shawana 506297910 2 23 03 48
Easter 26019986 1 07 07 31
Greg 457515544 2 21 51 04
Marcene 464755842 1 17 38 34
Shirlene 1330250401 1 10 17 17
Greg 390067146 2 01 00 55
