Rima 1153761952 1 01 49 40
Harriette 1164405721 2 07 08 59
Magnolia 1162251182 1 10 01 33
Sterling 256066665 2 15 41 53
Clora 418042519 2 10 48 08
Gaynelle 1134677743 1 09 31 40
Solange 1135784845 1 20 37 27
Shery 1071821389 1 22 02 42
Era 847277434 2 18 14 56
Kyung 1106335905 2 00 57 07
Earnestine 1142230410 1 05 11 05
Olinda 1106337032 1 03 22 50
Hubert 1139523995 2 14 34 41
Clifford 1116215250 1 11 45 47
Fabian 255016149 1 01 30 36
Carlos 1158247592 1 09 05 34
Molly 420364957 2 04 55 10
Liane 635118404 1 05 43 11
Georgette 333680863 2 02 33 08
Virgie 1163131053 2 21 55 42
Margene 484402641 2 14 54 52
Santos 1302844489 2 22 57 16
Nicolas 1141979248 2 04 12 14
Deborah 1145528036 1 22 39 12
Arcelia 1152032075 2 14 15 27
Aisha 1120090998 2 06 09 07
William 1137576676 2 20 19 50
Carlos 1140017194 1 13 52 59
Maryam 1130934456 1 08 26 39
Gerardo 247041011 2 12 28 35
Janell 259114981 2 12 13 34
Deborah 1135422924 2 00 10 01
Alane 1132313279 1 18 58 23
Karri 1117959697 2 17 23 23
Sean 1142230471 1 17 47 14
Aisha 1137561261 1 03 20 13
Cecelia 1118307172 1 11 22 40
Harriette 1114863922 2 03 26 04
Son 1164309841 2 19 24 12
Anton 1153832800 1 05 12 17
Sonya 1228055109 1 09 39 09
Moises 676822622 1 13 08 17
Hulda 1145361407 2 14 00 08
Doug 720689372 2 17 33 18
Awilda 256493568 1 08 32 16
Magnolia 1206843179 2 08 48 50
Neal 1153833339 2 03 53 59
Harriette 1142229649 1 01 07 31
Marcene 1158334736 2 02 50 25
Theodora 662650043 2 14 47 15
Edgardo 268439725 2 13 54 29
Logan 1118849598 1 04 11 10
Deangelo 1126763761 2 15 45 57
Berry 1137567185 2 23 37 45
Alejandro 1131248195 2 23 04 03
Alane 1194222092 2 07 33 48
Hulda 256497093 1 09 09 24
Osvaldo 1164308273 1 23 56 36
Everette 1135454165 1 10 11 16
Greg 1153762429 2 00 44 21
Gilberte 82779144 1 04 24 27
Felton 1119269515 2 18 11 53
Felton 1131133624 2 18 50 21
Jerald 1302849311 2 08 02 59
Hoa 1155499596 1 14 48 04
Carrie 33078525 1 17 14 22
Manuel 1137567243 2 17 35 36
Deangelo 1132307544 2 19 13 28
Josue 1135498763 2 23 45 24
Matilda 877214756 1 19 13 29
Sharell 409742568 1 16 07 32
Genie 1132313221 2 15 33 31
Sara 1158246911 1 03 53 28
Curt 1153760365 2 19 27 21
Hubert 1131463345 1 07 32 40
Carlos 1194179213 2 19 31 49
Vicenta 1139523802 2 01 20 17
Maryam 1131247953 1 06 52 50
Genie 1124214135 1 18 47 34
Angelia 333683490 2 06 18 58
Delmar 877214812 2 13 07 17
Vicenta 1155499740 1 16 44 26
Rayford 1139053250 2 11 08 25
Hulda 1138249353 1 12 57 29
Madge 1120507616 1 15 40 35
Gilberte 1128755358 2 12 24 18
Maryam 886552840 2 01 46 48
Ralph 1116386389 2 20 01 49
Tod 1143120159 1 17 17 35
Hubert 1137561545 2 14 58 29
Scott 989207295 2 14 41 55
Solange 256067680 1 09 44 17
Sara 1134363684 1 19 30 29
Gilberte 1122413217 1 16 44 59
Berry 1131188324 1 05 04 40
Adelia 262949283 1 15 05 44
Tula 1127767752 1 08 27 23
Shawana 1135567202 2 22 22 01
Jaclyn 416818958 2 22 27 02
Moises 890451329 1 13 59 20
