Margene 293054475 1 09 45 51
Janae 293560529 2 07 09 36
Brooks 447565454 2 18 23 15
Liane 292716222 1 01 31 35
Veta 1103987260 2 03 03 04
Buffy 446361598 1 22 51 17
Edna 1274592732 2 07 08 12
Gaynelle 295232741 1 08 38 37
Gia 292621799 1 19 29 07
Shawana 292782660 1 00 36 23
Arcelia 1205022732 1 22 40 48
Marcene 500424243 1 09 18 35
Mickey 1179868638 1 16 14 07
Loriann 279915425 1 21 56 23
Linette 1207060362 1 19 25 42
Rhiannon 1179868732 2 18 37 18
Petronila 501754583 2 00 23 06
Georgette 450324161 2 07 05 50
Santos 1235787164 2 15 17 52
Harriette 1235213843 2 13 47 24
Darci 264119372 1 02 38 28
Yuk 26122725 2 10 53 35
Era 1204987974 1 05 06 48
Edgardo 278728456 1 03 04 46
Antony 1103987024 1 19 14 02
Logan 648999039 2 09 24 21
Santos 899203231 2 02 24 15
Maynard 280205470 2 05 21 52
Greg 1160030596 1 07 24 47
Samual 1205022870 2 17 56 22
Brandon 292599313 1 02 11 07
Karri 26122763 1 09 51 01
Anna 1128697761 2 13 49 10
Doug 264119226 2 07 52 55
Hoa 292958995 2 05 50 04
Isadora 292782847 1 08 47 47
Brandon 446361655 2 01 06 04
Luis 446361658 1 10 24 45
Vicenta 1204987974 1 09 32 33
Jamila 278973349 1 23 26 12
Raeann 292782777 1 17 33 33
Shery 1205022851 2 14 25 47
Denis 295232578 1 11 11 57
Evette 278485786 1 08 30 15
Fidel 446317255 1 23 27 02
Carrie 433469155 1 10 22 24
Freeman 292622142 2 10 00 18
Anton 447549004 2 16 01 57
Deborah 525405065 2 22 03 54
Raeann 420785298 1 11 39 28
Nicolas 1234721338 2 17 45 29
Santos 433469258 1 11 31 11
Matilda 293561822 1 04 03 39
Neal 292622300 2 11 44 26
Venice 292622142 1 16 38 51
Moira 500424329 1 17 34 16
Jerald 292622338 2 10 42 33
Gia 648999043 2 20 02 54
Antone 292358194 2 04 48 05
Doug 446361541 1 21 31 35
Carli 445028234 2 10 35 03
Shirlene 96490439 1 14 23 29
Bradley 264119317 2 23 11 28
Chrystal 269524214 1 16 55 53
Saran 1219138414 2 03 12 50
Rudy 1316579811 2 16 10 46
Morton 525405059 2 10 27 12
Hal 419275320 1 03 01 40
Morton 130219282 2 06 43 00
Delmar 130219293 1 02 28 16
Deangelo 436639227 1 09 20 35
Luis 708249355 1 19 29 33
Sharri 500369181 1 23 39 32
Carlos 443980937 1 04 59 05
Marcene 500143799 2 14 45 04
Patria 1214153412 2 07 27 58
Arlean 292782763 2 06 25 14
Liane 128684947 1 01 50 25
Brandon 419728329 2 04 26 12
Manuel 292782806 1 07 40 43
Neal 445053775 2 20 07 14
Elisabeth 130219268 2 05 57 44
Angelia 292622697 2 08 06 55
Madge 496415464 2 17 42 27
Gerardo 295526665 1 17 05 05
Sharri 1205022866 2 05 38 18
Jamila 447565549 2 00 04 32
An 278726992 1 11 38 21
Rima 292302519 2 11 41 43
Yuki 319309687 1 18 00 46
Magnolia 431947948 2 08 57 03
Era 292621861 2 06 26 49
Janell 279101042 2 08 45 35
Jeffery 279907419 1 16 22 53
Sharri 493571740 2 06 21 41
Lewis 420023308 2 20 46 06
Chrystal 1233599757 2 17 32 20
Yuki 292622324 2 11 54 39
Rogelio 1160030556 1 01 10 18
Gia 292782577 2 01 59 37
