Shawana 945711756 1 20 17 50
Virgie 699017651 1 04 02 50
Isaac 913256907 1 14 21 01
Brandon 241937898 2 13 02 26
Arlean 1236401949 1 18 56 05
Marcene 1227805319 2 15 08 00
Howard 1089042468 1 00 58 31
Mickey 494857818 2 03 06 04
Ethan 1343692880 1 13 34 45
Adelia 512536004 1 00 31 08
Geraldine 1178983055 2 08 12 26
Osvaldo 1241255670 1 13 11 49
Manuel 1109164584 2 13 16 10
Marline 1207258104 1 20 44 13
Valarie 275979154 1 13 44 46
Carlos 244029906 2 02 49 27
Alpha 1089042942 2 23 30 01
Franklyn 1227805417 1 03 19 20
Talitha 1236745903 2 21 30 05
Karri 695777145 2 22 04 16
Awilda 365411283 2 04 11 27
Clora 211400874 2 08 47 10
Anna 1234658247 1 11 04 10
Alexandria 913256222 2 03 06 23
Nathalie 1225520567 2 21 48 35
Dorian 1202331565 1 14 19 00
Hulda 839229359 1 07 02 17
Rhiannon 1236494679 2 19 51 45
Genie 494858577 2 11 48 37
Julee 1237236907 1 15 01 45
Louann 490893402 2 04 02 37
Franklyn 494904586 1 04 56 21
Freeman 1236494718 2 11 18 34
Matilda 361089852 1 17 41 37
Genaro 1251357960 2 16 25 29
Madge 695777144 2 22 44 09
Thalia 1202330735 1 12 26 54
Logan 1089043458 2 12 29 30
Nada 698805734 2 22 26 08
Belva 213281823 2 14 27 32
Veta 410070630 1 20 37 22
Emilio 242110283 2 01 56 36
Yuki 354969805 2 06 41 39
Shirlene 504793526 2 10 04 02
Henriette 1235091577 1 13 58 13
Jeffery 1236196526 1 03 33 12
Gaynelle 480404214 1 04 27 30
Alejandro 1089042256 1 16 21 16
Creola 1224443037 2 18 16 50
Linette 746747859 1 16 54 41
Darci 245056562 2 14 20 23
Carrie 913256162 2 10 20 08
Ralph 1227805196 2 01 17 56
Arcelia 1237073179 2 08 03 37
Anna 695777151 1 21 43 04
Kyung 1236494708 2 23 57 52
Isaac 1109165018 1 09 41 23
Yuki 365405792 1 02 35 58
Santos 1229497871 2 03 13 33
Samual 1241968768 2 15 50 22
Logan 483545164 1 09 35 06
Alexandria 1154331884 1 22 57 44
Harriette 253420395 2 02 23 35
Carlos 26270761 1 15 38 06
Anton 410079173 2 14 14 38
Doug 512536227 1 06 54 06
Collin 1251308459 1 19 30 45
Lita 512516083 1 03 35 16
Rayford 275979173 2 17 34 47
Anna 483544734 2 13 25 17
Delois 913256595 2 13 11 33
Era 1235346156 2 13 34 16
Sonya 410070658 2 20 34 34
Liberty 1143811764 2 16 26 08
Janell 275952369 1 06 20 43
Marian 1244212737 2 07 08 49
Liane 1224442877 2 10 18 55
Christinia 1109164068 1 11 06 45
Floria 224575286 1 02 51 41
Awilda 1237053037 1 02 22 45
Johnie 1286945891 1 12 05 12
Yuk 1235389239 2 00 52 22
Christinia 275952334 2 11 21 27
Brooks 1243012750 2 06 29 58
Rupert 699017649 1 15 35 42
Rhiannon 245549532 1 18 10 42
Hulda 1235389044 2 13 26 52
Gilberte 1106536425 1 09 11 51
Agnus 1243093633 2 03 08 52
Patria 913256535 2 00 45 32
Moises 1242340939 1 15 12 51
Elias 213721917 1 08 50 17
Earnestine 1240053907 1 05 56 29
Felton 1250319474 2 05 05 54
Karri 409464016 1 07 33 38
Liane 485876367 1 21 42 39
Era 482697734 1 19 11 59
Elisabeth 275958818 1 01 22 41
Virgie 218655671 2 08 19 40
Leana 1251308095 2 15 51 28
