Jesica 1318766705 1 00 20 10
Brooks 663689342 1 00 51 03
Jamila 276928826 2 16 30 25
Jerald 567391350 1 06 09 22
Marcene 1321505300 1 04 52 35
Antone 444058765 2 10 48 49
Gilberte 1198934650 1 19 29 21
Emilio 1326182327 1 15 17 34
Berry 672695952 1 23 53 45
Theodora 1321505365 2 08 14 12
Karri 567391391 1 05 05 42
Raeann 324175279 1 20 29 32
Gaynelle 1327534452 1 22 43 04
Janae 920225988 1 21 37 08
Molly 1251033239 1 22 58 09
Na 314539828 1 17 59 07
Easter 488593453 2 21 37 02
Elias 1325762915 2 01 22 37
Johnie 1318770003 2 16 35 45
Olinda 1326171105 2 17 24 42
Rupert 1183709428 1 15 25 18
Rupert 1318762271 1 12 52 58
Margene 112617174 1 05 33 46
Era 1214165467 2 16 45 13
William 1198934650 2 09 30 42
Talitha 276936169 1 07 00 17
Lewis 1325758186 1 22 33 22
An 1318772800 2 10 44 10
Delmar 130215973 2 05 41 15
Marian 1327527106 1 07 35 10
Bradley 1318772767 1 04 58 08
Shery 663859685 2 05 56 33
William 1321499472 2 21 06 48
Leana 276929984 1 19 08 58
Marcene 324175462 2 23 19 34
Cecelia 1198905311 2 23 25 41
Johnnie 1214165255 2 08 49 58
Tod 1318772747 2 15 07 35
Sterling 130215982 2 00 28 50
Maynard 663689365 2 21 13 27
Tula 130215909 2 19 32 23
Alejandro 1165931603 2 08 05 53
Carrie 1165955946 2 01 43 34
Liane 1321505267 1 08 38 20
Dannie 663694680 1 12 27 53
Isaac 920226182 1 20 14 17
Solange 1321499812 2 17 50 19
Ida 663859942 1 11 36 23
Genaro 1214165400 1 19 13 10
Chrystal 1198952196 2 02 46 55
Josue 1199499859 2 21 19 48
Genie 672696195 2 04 53 15
Ethan 1224763546 2 16 42 25
Hulda 1165917296 1 04 53 37
Aisha 1165917334 2 20 17 16
Dorian 276928722 1 20 50 26
Sean 1316526806 1 16 18 06
Yuki 314539775 1 13 43 42
Dannie 1318768832 1 18 53 02
Ralph 276930997 2 23 51 06
Deborah 1167767305 1 21 15 10
Clora 1189111428 1 00 50 29
Rigoberto 663694607 2 16 34 06
Denisse 567391467 2 06 13 24
Ila 276942184 1 16 44 45
Brandon 488593367 1 08 15 26
Johnie 1222473633 2 07 18 26
Jay 1076804723 2 18 18 41
Ebonie 1325758104 2 13 53 15
Leana 663694717 2 15 20 37
Sean 1318772772 2 06 00 42
Venice 1325758098 2 15 59 15
Ila 1326190424 2 22 27 47
Laraine 1165917352 2 01 47 19
Antony 1198829491 1 06 05 00
Liberty 1198952157 1 02 12 25
Nada 130215939 2 22 10 39
Olinda 1318772758 1 02 03 39
Na 1198744060 2 19 43 53
Shawana 1126327063 1 21 53 11
Ebonie 1325753159 2 17 18 18
Na 1243076356 1 16 10 02
Janell 1325758129 2 00 29 12
Eda 1325763067 1 06 09 10
Nicolas 920226207 1 05 18 03
Elisabeth 1321499662 1 08 45 23
Matilda 705534957 1 04 44 18
Nicolas 314536589 1 13 32 15
Laraine 1143318379 2 21 24 43
Marcene 1318766731 2 18 26 51
Talitha 1213521697 2 19 03 00
Denisse 1210089391 1 22 28 42
Howard 1199489277 2 20 38 27
Petronila 276930016 1 15 13 39
Kyung 1318765774 1 13 51 41
Easter 1318768860 1 06 00 21
Ashton 1199479649 2 01 26 59
Nathanael 314536605 2 08 55 46
Howard 276928883 2 10 39 03
Latisha 413696075 2 21 08 29
