Alexandria 1304931287 1 05 13 48
Yuki 1162282981 2 08 29 01
Deborah 251698179 1 05 29 01
Veta 1103601270 1 20 39 48
Antony 374736821 1 12 35 40
Jesica 1104631144 1 17 50 49
Rogelio 374580597 1 22 37 02
Carli 603323301 1 07 23 32
Venice 1112924068 2 17 57 58
Alane 265458600 1 02 08 08
Curt 1112923986 1 14 48 12
Ida 1104631078 1 07 30 02
Eda 601031405 2 23 58 44
Ebonie 1103666524 1 16 11 52
Deangelo 1306424476 2 09 01 20
An 603943151 1 03 18 50
Shirlene 26023614 2 23 47 15
Jay 376081193 1 13 47 33
Ila 1304793283 2 09 50 38
Scottie 604672516 1 15 08 30
Everette 600752971 1 21 27 01
Chadwick 1205773963 2 22 27 35
Olinda 264357919 1 07 27 29
Evette 600743168 1 00 34 45
Gaynelle 252057311 2 17 28 46
Greg 1104613766 1 02 31 05
Samual 373441789 1 06 40 00
Arcelia 265458430 1 05 40 05
Bradley 603324915 2 10 56 42
Marline 250833257 2 06 04 13
Debi 1345855062 1 05 06 14
Hoa 600778295 2 20 46 47
Genie 1080635566 1 05 00 52
Franklyn 603953712 1 13 44 39
Jazmine 597568616 2 20 10 09
Moises 597568352 1 18 33 00
Dorian 603324110 1 13 29 15
Floria 597567953 1 09 59 55
Chrystal 1104631117 2 00 52 09
Man 1208599337 2 01 40 40
Isadora 596184223 1 18 02 12
Berry 596178707 1 02 24 33
Bradley 597568324 1 10 21 06
Doug 1345854947 2 09 16 16
Alejandro 251207968 1 23 37 54
Tula 1304793264 1 15 39 05
Sherley 1104332669 2 18 50 21
Delois 1112923986 1 20 05 55
Sonya 603954090 1 01 27 31
Greg 1304931197 1 23 52 54
Simone 603953907 1 00 03 50
Liane 1080625656 1 15 44 41
Carrie 1205774021 1 14 48 08
Gerardo 1104611509 2 22 36 31
Elias 373388534 2 20 59 28
Logan 1075520906 2 22 50 12
Easter 264357682 2 00 26 22
An 603954950 2 13 45 40
Hubert 603323094 1 16 37 20
Rayford 374376618 2 06 07 24
Ebonie 603323826 2 09 25 16
Howard 1104313088 1 02 38 14
Howard 597568338 1 03 14 05
Raeann 601029746 2 00 25 39
Greg 1103960134 2 16 56 25
Genie 1104313088 2 23 30 23
Tula 376064330 1 08 22 19
Sonya 597567948 1 18 16 12
Marg 1205766692 2 00 16 27
Talitha 374580343 2 14 25 44
Yuk 250833454 1 05 19 49
Liane 922441525 1 06 25 09
Ralph 26023798 2 23 43 09
Genie 596178633 1 11 30 20
Georgette 1112924016 1 02 05 10
Johnie 597568041 1 09 51 49
Belva 603954531 2 07 28 45
Rudy 1080650665 1 20 53 30
Rayford 373374493 2 18 14 41
Sharri 1071003352 2 13 29 16
Genaro 600784543 2 13 43 54
Petronila 372932419 2 21 47 07
Jeffery 1103606416 2 08 53 50
Hulda 603954200 1 01 56 02
Luis 1112924101 2 04 01 50
Chrystal 376081260 1 01 24 50
Matilda 264358134 2 00 20 33
Edgardo 603954185 1 18 07 14
Laraine 1080605196 1 11 59 33
Flavia 376000732 1 05 13 57
Debi 596184212 2 08 59 24
Shery 1082546606 1 01 51 36
Liane 603953619 1 15 29 39
Fabian 597568051 2 01 49 12
Raeann 600525718 2 23 39 56
Osvaldo 1104437286 2 15 55 12
Kyung 597568644 2 06 48 37
Jesica 251698309 2 05 53 27
Mickey 374376353 1 00 44 30
Shawana 1074052749 1 13 53 07
