Rima 1052803116 1 01 36 31
Anton 1242959160 2 23 27 00
Scottie 899126595 1 20 10 42
Theodora 1337026667 1 18 46 18
Dannie 899126474 2 19 21 13
Maynard 1241374673 1 15 56 31
Nada 1238420221 2 07 58 22
Loriann 402328928 1 16 00 17
Belva 275996466 1 20 45 06
Magnolia 1252224667 1 18 46 44
Antonia 1055447105 1 09 03 50
Clifford 1338671947 2 09 54 15
Isaac 288201991 2 05 04 00
Brooks 1337026309 2 06 28 59
Alejandro 1252224637 1 05 48 30
Talitha 1051964340 2 21 35 01
Clifford 1337026800 2 17 21 02
Antonia 1338726354 1 23 55 03
Gia 1337026687 1 00 38 11
Na 1241362486 1 07 44 21
Yuk 1238429122 1 07 12 28
Sharri 1241362535 2 18 19 17
Cecelia 1251283140 2 07 20 04
Curt 1252224672 2 10 22 44
Edgardo 1338726437 2 05 11 45
Howard 1241362625 2 12 21 59
Delmar 1337026603 2 19 35 21
Berry 1338726411 1 18 43 29
Alane 1249745511 2 00 13 31
Leana 1337026371 2 17 57 05
Valencia 1241362616 2 14 18 49
Arcelia 1251283399 1 04 02 35
Clarence 1337026767 1 08 59 05
Vicenta 1051964124 1 22 57 11
Georgette 1241362527 2 23 33 51
Sonya 1241362512 2 19 34 52
Tod 367602585 1 13 48 23
Era 1286223546 1 16 25 28
Genaro 1051964564 2 12 28 20
Shirlene 402329046 2 19 13 58
Gaynelle 1251282997 2 03 56 18
Janae 1337026568 2 06 15 44
Fabian 1337026723 2 05 26 52
Sharell 1252224500 2 08 44 38
Earnestine 1337026670 2 21 39 11
Clifford 1241362675 1 09 54 07
Lewis 402328962 1 16 59 01
Dorian 1238420361 2 09 34 29
Renea 1337026277 1 06 11 50
Mickey 1241362597 2 13 38 31
Elisabeth 1337026558 1 07 37 54
Fidel 1338672327 2 02 49 59
Evette 402328903 2 18 33 45
Janell 1338671995 2 21 34 41
Latisha 1251283289 2 05 36 46
Louann 402328907 1 02 55 32
Julee 1051964340 2 20 29 34
Alane 1249745223 1 17 10 48
Ida 1337026659 2 11 02 10
Emilio 1337026248 1 20 18 57
Sonya 1241362702 1 07 56 40
Rhiannon 1207585686 2 15 02 20
Yuk 1238420455 1 13 36 40
Clarence 1252224683 2 07 22 48
Logan 1252224472 1 05 00 00
Edna 1249745333 2 07 07 55
Latisha 402329045 1 14 33 40
Edgardo 1109149441 1 02 35 06
Danita 1338672082 1 07 42 02
Tula 1252224722 2 16 04 19
Shauna 1252224653 2 02 51 40
Louann 1338688536 2 10 24 35
Petronila 1242512410 1 15 53 11
Aisha 1251283144 1 09 22 53
Marline 1242512376 1 08 36 41
Rima 1052938479 2 23 42 26
Ethan 1286223628 1 03 37 12
Scottie 1249745428 1 00 45 13
Louann 423785046 1 05 18 14
Ila 1337026309 1 06 56 43
Arlean 1242512378 2 10 49 41
Na 1207585464 2 02 30 32
Rigoberto 1238411830 2 04 41 40
Valencia 1338726411 1 04 43 04
Ralph 1251283139 2 03 52 37
Greg 1338726315 2 18 24 07
Veta 1249745564 2 10 33 24
Fabian 1338672167 1 13 13 41
Yuk 1249745194 2 19 47 24
Brooks 1337026555 1 03 22 33
Ida 288201961 2 17 44 49
Curt 1338688437 1 21 08 29
Ebonie 1251283134 1 07 21 53
Genie 1242959181 1 12 32 23
Angelia 1238420272 1 00 52 27
Janae 1251283123 2 03 52 35
Dannie 1051964069 2 05 11 55
Ebonie 1337026336 2 22 48 28
Adelia 994629172 2 08 17 31
Denisse 1251283270 1 17 45 58
