Yuki 1165603968 1 02 14 56
Dannie 480482965 1 22 47 09
Jeffery 124388815 2 11 50 33
Karine 122523494 1 12 37 21
Veta 314041366 1 20 52 37
Genny 428215695 1 08 32 36
Fabian 475568776 2 16 06 32
Johnie 412180109 1 04 23 38
Logan 479225728 1 09 54 55
Liane 1202110383 2 19 33 35
Maynard 343634649 2 17 05 26
Genaro 429378647 1 02 49 50
Antonia 1104140056 1 01 02 38
Lita 126627578 1 11 11 20
Curt 698819577 2 11 14 10
Genie 428216343 2 01 54 21
Jamila 432597954 1 01 52 36
Sterling 428214909 2 09 04 22
Magnolia 285967547 2 05 05 26
Janae 112288394 2 09 53 20
Rigoberto 1334167609 1 16 08 48
Son 497870280 1 11 06 05
Clora 311888767 1 18 13 58
Rudy 430012053 2 13 36 06
Alpha 111479504 1 12 30 45
An 100118741 1 22 45 59
Nathanael 114323943 1 16 26 12
Scottie 428217479 1 07 42 38
Gaynelle 415754686 1 15 02 13
Kyung 497301826 1 12 28 10
Yuk 958305717 1 00 44 46
Leana 1267417401 1 03 58 54
Jerald 475550564 2 00 51 09
Hulda 493669113 2 00 03 20
Brandon 1223751803 2 19 20 09
Clora 792070351 1 05 07 26
Petronila 475341692 2 03 34 02
Mickey 276932741 2 06 17 56
Sharell 1223806719 2 10 29 42
Karine 414134087 1 16 14 11
Antony 478212482 2 10 20 55
Carlos 128560275 2 00 39 38
Nada 25632440 2 13 46 58
Talitha 128669175 1 23 03 51
Linette 112652009 1 06 24 09
Neal 114315588 2 04 09 53
Na 500010036 1 19 58 40
Rhiannon 428216356 2 23 11 21
Carolann 126625256 2 15 52 48
Ralph 111452222 2 15 07 16
Berry 137897939 1 17 45 30
Darci 1097394678 2 13 17 11
Edgardo 428215587 1 01 47 24
Samual 418092153 1 15 57 31
Jamila 429544576 1 20 58 45
Eda 343634534 2 06 09 09
Venice 133267080 2 05 50 32
Yuk 495503930 1 17 29 55
Magnolia 479412099 2 20 57 35
Jc 126542172 1 04 13 50
Shery 112688617 1 08 06 36
Anna 495504032 1 10 36 16
Nathalie 497311253 1 01 15 49
Margene 432589602 1 20 48 35
Chadwick 126544306 1 00 20 11
Gerardo 114317408 2 01 21 25
Carlos 111428007 2 18 20 14
Gaynelle 560975950 1 16 45 54
Linette 444017065 1 00 19 01
Hoa 281726448 1 07 06 51
Kyung 25440127 1 08 20 13
Carlos 1278184331 1 21 37 54
Edna 428215758 2 17 36 33
Elias 412525212 1 21 46 24
Nada 414134082 1 06 00 15
Aisha 428217652 1 13 34 53
Alissa 479236074 2 12 45 43
Flavia 297370156 2 22 12 00
Shirlene 124385738 2 13 08 24
Samual 26015904 1 03 22 56
Marian 500009996 2 03 54 54
Anton 25632424 2 11 10 27
Patria 297369732 1 03 50 30
Molly 312403827 1 10 45 51
Isaac 474676245 2 16 14 51
Felton 431615494 1 21 01 34
Greg 276932539 1 15 59 51
Laraine 414249879 2 23 22 12
Everette 111428026 1 01 02 05
Ida 128673221 1 09 24 42
Freeman 1165383655 1 10 18 34
Ashton 497922591 2 14 24 20
Thalia 126542176 2 04 37 02
Simone 343634522 2 07 44 17
Gia 1216466411 1 20 25 36
Carolann 112552939 2 05 16 31
Antone 479226762 2 04 58 25
Logan 135824242 1 09 48 07
Alexandria 475573498 2 01 38 01
Anna 343634562 1 17 31 08
Lita 475354371 2 16 19 07
Rogelio 128594109 1 11 10 01
Anton 430006706 1 12 02 57
Curt 416716824 1 14 29 07
Jay 560401019 2 04 39 48
Jerald 447916490 2 09 35 08
Alexandria 497690560 2 00 45 23
Klara 1097394636 2 17 14 18
Collin 1110673670 1 20 28 24
Fabian 112617145 2 18 11 13
Rogelio 343634515 1 03 15 20
Laraine 428217640 1 18 27 40
Alexandria 479520029 1 19 59 11
Evette 257735298 1 19 42 39
Elisabeth 100118751 1 10 51 14
Molly 1279354285 1 07 47 33
Loriann 428215435 1 17 29 23
Rogelio 1207555980 1 16 49 10
Belva 475406851 1 19 15 07
Valarie 480346408 1 01 20 28
Klara 129665111 2 16 21 48
Lita 312404653 2 10 08 35
Debi 314040897 2 04 16 29
Clifford 25507590 2 02 38 33
Louann 428215725 1 16 10 36
Harriette 100118693 1 10 08 06
Flavia 503018126 1 17 04 56
Dannie 510786379 2 07 01 25
Neal 1277620437 1 10 04 01
Franklyn 112677105 1 04 05 14
Elisabeth 474549077 1 16 50 03
Jazmine 452584700 2 14 53 49
Marg 480319153 2 23 59 42
Ida 114320465 1 06 49 40
Ethan 444004648 2 05 39 27
Janell 114310833 1 19 59 03
Denis 495504112 1 06 56 38
Marcene 137831895 1 10 28 31
Greg 114320453 1 23 47 52
Ashton 135824253 2 08 54 08
Arcelia 697477108 2 11 27 37
Anna 312403300 2 21 47 56
Christinia 26015920 1 04 08 05
Franklyn 478087430 1 20 57 18
Marline 429262401 1 18 32 28
Rupert 497186084 2 20 56 49
Santos 495570498 1 14 37 44
Rogelio 444004644 2 02 54 14
Geraldine 444004647 1 03 36 52
Lita 314074595 2 09 51 58
Saran 958305723 2 09 54 23
Marline 430006704 1 12 43 17
Sterling 495570503 2 04 48 40
Antony 1296455342 1 06 15 10
Hoa 1267417378 1 15 48 47
Delois 138235495 1 05 04 09
Berry 128668303 2 04 20 19
Son 411835390 2 10 03 23
Agnus 416716829 2 11 22 32
Delois 114322163 2 16 47 20
Nicolas 138206148 2 16 37 04
Shauna 299611395 2 22 58 18
Rudy 25507573 2 21 54 30
Loriann 1264279411 2 23 36 17
Gia 126539502 1 07 33 30
Chadwick 111486035 2 03 41 55
Molly 128573644 2 05 57 43
Marline 495570380 1 05 17 33
Alpha 411504967 2 10 50 27
Awilda 26015906 2 09 25 15
Danita 1110698269 1 05 15 18
Rhiannon 1243857885 2 22 31 34
Julee 428670442 1 09 39 14
Flavia 415754676 1 21 17 34
Marg 26122706 2 13 57 12
Patria 129679647 1 20 52 24
Antone 497181921 2 00 29 55
Nathalie 1243809331 1 14 52 09
Molly 404754609 2 18 27 01
Everette 1296455411 1 01 02 17
Marcene 114315564 1 00 44 27
Jamila 429833940 1 16 39 16
Jamila 285910983 2 01 06 05
Harriette 478646767 2 11 54 07
Berry 26016463 2 03 46 19
Emilio 495504108 1 11 26 26
Moises 493669294 2 04 46 34
Brandon 100118457 2 05 54 25
Clarence 128668311 1 11 04 56
Vicenta 428214929 1 05 43 23
Anton 475055366 1 20 52 04
Magnolia 25504167 1 20 49 30
Yuk 773982497 1 21 31 07
Alejandro 1334167601 1 11 47 12
Edna 430284844 2 04 53 12
Geraldine 1097394644 2 07 38 42
Mickey 122535293 1 10 17 57
Neal 444023229 2 14 42 48
Isaac 1277620341 2 03 35 39
Morton 1209790969 2 12 57 11
Manuel 26015915 2 23 02 23
Inell 343646672 1 10 36 22
Carolann 474695389 2 01 13 19
William 445815814 1 15 23 20
Rigoberto 314553220 2 19 25 17
Santos 126647239 1 15 03 42
Genny 416007715 2 05 44 51
Hulda 114309774 1 22 37 48
Fidel 493769301 1 19 28 26
Henriette 1296455399 2 13 06 19
Rayford 114315580 2 05 37 53
Rigoberto 560405659 1 12 08 38
Carrie 497310787 1 12 37 25
Tod 299599024 1 21 59 07
Alpha 314075173 2 02 00 48
Cleora 416007742 1 14 30 47
Antonia 138230330 2 20 53 17
Awilda 1097379534 1 21 20 54
Vicenta 343646661 1 20 58 26
Denisse 417061259 1 01 14 10
Alexandria 1165604056 2 19 26 43
Cecelia 414134115 1 11 06 57
Jay 1097379474 1 17 25 25
Hulda 276935834 1 19 40 02
Karri 312402720 1 19 33 41
Olinda 479225754 1 13 20 40
Earnestine 493769317 2 22 14 08
Sharell 314044478 1 03 42 57
Edna 128579264 1 01 48 38
An 1147306587 2 16 31 22
Jamila 429378663 1 13 03 01
Johnnie 126547505 1 19 27 53
Tula 412513625 2 02 07 40
Everette 114313418 1 08 42 22
Darci 478862814 1 11 06 39
Hoa 1103500473 1 19 35 06
Henriette 495570530 2 19 14 50
Harriette 413301121 1 19 16 34
Margene 137981937 1 11 04 24
Samual 480499797 2 15 42 57
Simone 286969943 2 22 07 02
Carrie 473849954 1 16 52 30
Earnestine 428215572 2 05 59 26
Margene 1103952904 1 14 56 36
Deborah 111484790 1 05 07 16
Ashton 114310692 2 18 34 33
Margene 135816241 1 04 18 38
Osvaldo 560409287 2 05 03 42
Shery 560401019 2 19 02 06
Genaro 473873462 1 01 11 19
Jaclyn 285908619 2 02 10 02
Bradley 418009755 2 07 25 25
William 1243859031 2 15 24 37
Santos 409117206 2 15 55 14
Rima 475082788 1 06 15 53
Shauna 128655651 2 02 51 32
Cecelia 26015931 1 08 26 05
Genie 475549497 2 21 24 19
Anna 404064790 2 04 36 16
Hulda 25504013 2 13 43 52
Gaynelle 474802745 2 21 10 31
Rupert 432597947 2 03 30 07
Shawana 111486039 2 09 23 18
Elisabeth 480486041 1 17 55 56
Deangelo 335739958 1 18 30 32
Carrie 126635919 2 20 48 50
Gia 429544576 2 18 14 16
Virgie 299604253 2 18 37 46
Julee 503018236 2 15 32 30
Elisabeth 135814916 2 15 37 50
Harriette 281726468 1 07 05 19
Scottie 452581636 1 19 26 18
Brooks 314044278 2 13 11 30
Nathalie 285951777 2 03 33 06
Sharri 506111753 1 20 54 15
Everette 428215793 2 04 58 25
Na 314553173 2 19 46 25
Arlean 474549073 1 01 47 41
Luis 497171033 1 03 15 31
Matilda 473240009 1 22 05 55
Magnolia 773982494 1 00 56 27
Alpha 497171025 2 09 41 31
Eda 475360041 1 09 11 52
Johnie 497922591 2 23 35 08
Liane 478863363 1 04 11 45
Sharri 500010034 1 04 13 42
Sean 475563533 1 18 32 07
Carolann 429432804 2 18 11 38
Karine 479412156 1 01 46 20
Madge 474681726 1 11 10 54
Angelia 788826699 2 12 03 53
William 111449495 2 19 02 24
Rayford 111461662 2 03 21 30
Genaro 281726605 1 04 17 12
Raeann 414952206 2 02 48 27
Clarence 126552516 1 15 31 59
Maryam 100118711 1 11 38 33
Sara 444023213 1 09 14 18
Carolann 497922236 1 22 51 49
Tula 427067742 2 22 53 45
Theodora 125366367 1 16 01 46
Gaynelle 416410150 1 01 56 05
Sharell 343634647 1 18 09 21
Leana 1216466401 2 06 06 00
Madge 412525207 1 04 27 59
Clifford 429381414 2 17 46 26
Elias 495570546 1 05 12 34
Floria 504782500 2 09 49 13
Vicenta 479512751 1 05 35 10
Manuel 297880033 2 05 09 59
Louann 1236467491 1 23 11 13
Antone 343634541 2 06 12 48
Rigoberto 126582084 1 22 39 42
Geraldine 416390870 2 21 30 41
Bradley 475573504 2 21 44 15
Moises 429544634 2 01 17 36
Harriette 534478838 2 21 07 27
Maryam 428217637 2 12 43 00
Loriann 475725589 2 21 18 53
Carli 1161778546 1 10 14 23
Marg 493669366 1 23 40 05
Maynard 111479493 1 15 53 49
Liberty 425743058 2 05 02 43
Liane 480499767 2 13 28 47
Rima 1243857977 2 12 01 19
Renea 414134101 1 21 35 06
Adelia 475341701 2 04 41 24
Gerardo 311887398 1 18 29 45
Gia 26057857 1 23 39 23
Henriette 299613373 2 15 27 08
Saran 311889364 1 04 39 03
Deangelo 477729714 1 23 06 47
Earnestine 560978255 1 07 45 52
Delmar 429544576 2 15 51 16
Georgette 25449257 2 08 41 39
Klara 560976019 1 07 20 33
Elisabeth 492269124 1 02 57 50
Valencia 432578879 2 12 38 26
Easter 138205500 2 03 57 57
Clora 114311903 2 04 15 37
Petronila 128623929 1 00 50 09
Lita 503018180 2 13 57 51
Hulda 506111752 2 14 14 36
Clifford 114316550 1 11 36 30
Elisabeth 343634454 2 07 22 42
Brooks 112591706 1 07 51 17
Raeann 501173373 2 13 24 26
Elias 428215792 2 17 09 17
Lita 128588848 1 16 52 06
Ida 126580304 2 13 17 24
Elisabeth 126411675 1 19 57 22
Latisha 1223751671 1 11 15 09
Sterling 125366369 2 11 57 25
Awilda 138231425 2 08 25 29
Scottie 974882854 1 00 40 00
Shawana 497922736 1 03 53 35
Ebonie 479512734 2 02 07 07
Arcelia 510786382 1 12 17 47
Moira 1103952872 2 19 20 04
Santos 311886810 1 08 54 15
Buffy 1277590625 1 14 37 55
Son 560975966 2 22 55 02
Lewis 26122788 1 11 02 29
Fidel 513931865 1 07 23 40
Rhiannon 474701473 1 17 40 38
Harriette 299585296 1 16 36 49
Talitha 1279779529 1 13 44 15
Denis 480482969 1 19 56 42
Genie 112580529 2 22 24 13
Danita 704799581 1 17 04 21
Moira 60795248 1 17 20 55
Collin 114313416 1 09 52 23
Rigoberto 445439255 2 22 31 56
Anna 130075492 1 12 30 19
Dannie 374363421 2 21 40 22
Sterling 114316548 1 21 51 25
Olinda 1334148413 2 03 29 04
Sharell 503018152 1 02 10 03
Leana 414952188 2 17 14 40
Genny 474681718 1 14 44 18
Clarence 1092997200 1 08 37 32
Marline 111448462 2 03 44 20
Liane 497869835 2 03 57 33
Isadora 497870341 1 10 10 38
Aisha 257735299 2 23 39 10
Liane 125384236 2 20 20 16
Matilda 114317404 1 21 56 20
Evette 114315556 1 00 52 53
Earnestine 96499363 1 21 56 37
Era 311889356 2 02 20 26
Rogelio 506111742 2 09 18 48
Scott 1267417361 2 07 13 43
Curt 111481563 2 14 07 31
Antony 314028345 2 14 30 57
Easter 114310466 2 09 29 58
Matilda 311624243 1 03 37 09
Karine 495570442 2 01 22 18
Alejandro 1234709061 1 07 13 13
Saran 497871391 2 09 05 45
Dorian 1216789889 2 07 36 39
Carolann 784545874 1 19 45 28
Dannie 1236467624 1 08 48 56
Chadwick 435469009 1 10 27 56
Rayford 122530856 2 21 48 07
Raeann 128560413 2 22 11 36
Clarence 1236467580 2 07 40 14
Dannie 114310450 2 00 13 18
Rudy 128587416 1 23 03 37
Moises 479520012 1 11 14 57
Shauna 257735105 2 09 52 13
Antonia 431647272 2 19 21 16
Edgardo 501142179 2 06 07 16
Neal 126542177 1 06 56 06
Dannie 1209790951 2 07 52 16
Kenda 126627578 1 17 45 56
Antone 1097394640 2 06 30 18
Curt 478864322 2 13 56 50
Scottie 25504174 1 15 34 52
Darci 299613374 2 16 39 32
Danita 411029268 1 23 50 07
Liberty 297369941 2 02 38 08
Genie 1097379469 1 05 51 23
Antony 429544635 2 09 42 49
Inell 126544304 2 14 12 49
Man 417060454 1 21 48 03
Marline 26057858 2 19 42 01
Santos 412256453 2 01 37 08
Rudy 445439347 2 19 24 37
Venice 26016415 2 04 14 35
Dorian 128560437 1 09 51 30
Hal 114310466 2 18 55 14
Gaynelle 476019042 2 06 30 15
Shauna 792070355 1 09 14 38
Kenda 478100875 1 12 14 51
Kyung 111428025 1 22 56 02
Laraine 297880376 1 08 01 53
Sharell 312403078 2 01 31 48
Clifford 299611700 1 00 55 34
Earnestine 417058275 1 11 07 37
Maryam 497181931 2 22 49 07
Rigoberto 686529018 1 18 24 33
Greg 1223751681 1 16 11 49
Matilda 128587401 1 05 54 46
Elisabeth 1207560206 2 04 22 08
Magnolia 478566616 1 10 55 12
Deborah 506111759 1 11 28 35
Linette 480493295 2 05 32 52
Henriette 128617100 1 09 24 33
Deborah 503018205 1 02 22 14
Kenda 128669173 1 03 42 30
Neal 126404013 1 05 18 48
Eda 408432568 1 06 09 53
Nathalie 1103427051 1 16 06 32
Rima 1223751616 1 07 31 19
Jaclyn 497317043 2 03 55 22
Eleonor 497190387 1 15 42 26
Jay 560400989 1 14 29 51
Nada 698819579 2 07 11 36
Na 299599440 1 16 31 20
Rigoberto 478115211 1 18 07 30
Rhiannon 114316541 1 07 42 12
Genaro 497181952 1 14 31 15
Howard 137993249 2 14 00 23
Liane 111428023 1 05 43 46
Eleonor 560978251 2 18 37 35
Kyung 429432818 2 02 04 02
Angelia 112265324 1 16 29 21
Cecelia 285951779 1 10 13 47
Deborah 138208399 2 09 32 51
Jesica 475082790 2 13 24 01
Sterling 479435897 1 09 10 17
Sterling 311888684 2 01 07 51
Edna 506111766 1 09 12 54
William 111479509 1 01 10 06
Danita 112613546 1 04 33 51
Carolann 473240005 2 16 23 51
Henriette 1239645079 2 01 48 00
Arlean 495503768 2 05 26 24
Morton 111633417 2 13 24 28
Denisse 476009979 1 14 08 19
Sonya 335740662 2 13 59 00
Greg 1236473146 2 11 47 45
Cecelia 478632680 1 08 21 46
Debi 475406849 2 08 30 30
Denis 787318151 2 01 59 29
Shirlene 429378648 2 19 57 17
Alane 497871206 1 09 22 13
Yuk 114310864 2 16 06 34
Genaro 135824251 1 16 39 23
Sherley 510772642 2 00 19 49
Clifford 792643028 1 13 43 20
Moira 478208227 2 23 01 55
Flavia 1097394593 1 09 57 23
Dannie 497176053 2 06 33 12
Yuki 125366398 2 16 30 50
Marline 478862341 1 16 15 40
Delmar 480346464 2 16 55 02
Samual 418091980 2 15 22 23
Luis 504782506 2 10 03 12
Marline 1110338293 2 20 54 29
