Maryam 111648486 1 16 46 47
Genny 285945202 2 02 39 49
Simone 135877146 1 11 18 20
Kenda 411019044 1 05 43 05
Cecelia 430006687 2 00 55 23
Yuki 1316979577 2 02 26 23
Alissa 418091982 1 23 43 42
Moira 112266446 2 13 03 03
Julee 112675717 2 08 20 53
Johnie 257735102 2 16 42 01
Patria 137903870 2 10 05 41
Darci 787318147 2 18 25 19
Genny 285910556 1 18 25 35
Maynard 112590296 2 23 48 24
Dorian 428216348 1 06 54 57
Nathanael 416007717 2 10 09 46
Luis 560400993 1 17 51 54
Anton 90379359 2 13 06 47
Jaclyn 129558556 2 07 44 40
Tula 497870044 2 01 53 46
Jaclyn 135837694 2 11 10 34
Anton 475352608 2 11 26 06
Alexandria 114310459 2 22 34 27
Curt 343634648 1 03 02 28
Luis 428208839 2 14 18 11
Arlean 479198327 2 01 31 24
Ila 413275492 2 04 15 25
Scottie 314028302 1 00 52 02
Yuki 1291503778 1 03 09 53
Scott 128578702 1 11 55 20
Tula 1107381198 1 16 12 44
Carrie 428215792 2 07 11 50
Tod 1296455475 1 12 45 14
Geraldine 114315573 2 15 05 44
Carrie 452682304 2 10 25 18
Moira 1165604009 1 19 31 55
Sharell 135886781 2 21 43 55
Greg 1234709059 2 14 24 35
Eda 122528346 1 05 36 51
Valarie 314044811 2 11 36 30
Curt 343634456 1 05 45 47
Jaclyn 418015097 2 04 39 19
Klara 704799582 1 10 54 08
Lita 299613373 2 11 50 42
Johnie 493769390 2 19 27 51
Adelia 1110673728 1 06 41 36
Awilda 111479504 1 14 54 48
William 1249809165 2 05 16 56
Brandon 286969783 1 16 54 50
Luis 497871763 2 01 47 23
Antony 311624284 1 02 00 58
Edgardo 428208841 2 17 19 04
Latisha 1223751624 1 01 28 59
Jc 299613573 2 23 06 37
Marian 112597480 1 23 12 05
Adelia 495504014 2 23 14 44
Flavia 1279320268 2 18 25 29
Gerardo 25632450 2 22 13 32
Yuk 299612724 1 09 17 55
Cleora 285910471 2 10 28 17
Tula 129676697 1 23 53 33
Sean 25507553 2 03 41 50
Georgette 26015906 1 17 12 08
Genie 314028301 2 02 27 12
Dannie 560405664 1 18 50 04
Geraldine 497922236 2 06 35 11
Shirlene 114316548 1 21 38 45
Yuki 1110673414 1 02 09 16
Floria 299614513 2 14 13 42
Josue 314074695 2 20 43 32
Maynard 411502740 1 18 58 57
Sharell 1097379571 1 14 47 30
Alissa 26016464 1 23 59 31
Danita 1103952907 2 23 27 32
Moira 506097308 1 12 41 08
Fabian 128668297 1 01 42 24
Danita 319327519 2 13 32 52
Tula 126547498 2 08 10 04
Petronila 1097394712 1 03 43 58
Kyung 474553711 1 12 23 42
Flavia 480476927 2 13 28 29
Matilda 25632463 1 05 32 46
Na 114328954 2 09 17 48
Jc 1110673556 2 08 57 07
Vicenta 497922809 2 03 09 30
Jesica 431654295 2 23 25 58
Lita 112634554 2 01 34 44
Marian 503018212 2 02 18 54
Chrystal 1249809179 2 03 23 44
Delois 1097394590 2 22 43 56
Rigoberto 428215717 1 08 17 05
Gia 26122712 1 04 27 01
Carlos 416385391 2 03 15 33
Leana 560975980 2 16 07 41
Karine 25507564 1 13 01 56
Justine 280198315 1 08 56 49
Scottie 503018203 2 10 37 50
Alpha 111630431 2 15 42 00
Debi 312404119 1 01 41 55
Fidel 124385738 1 17 42 03
Morton 474694626 1 08 05 27
Hulda 418091978 2 04 36 36
Shirlene 431647274 2 06 08 32
Cecelia 416385401 2 13 21 47
Harriette 475570110 2 22 49 28
Antony 500009826 1 16 00 20
Veta 501225746 1 08 40 42
Rupert 478632897 2 21 10 04
Sterling 480486051 2 02 08 41
Scott 299611384 1 13 32 52
Nathalie 479225626 2 15 27 36
Liane 534476375 1 15 35 57
Shirlene 789704963 2 18 15 16
Kenda 493769290 2 02 57 51
Awilda 473878705 2 21 04 20
Alexandria 497190553 2 19 01 27
Marcene 773982498 2 09 46 35
Harriette 111424803 2 05 37 10
Delois 478208238 1 22 22 13
Klara 413301118 2 21 34 52
Osvaldo 122452429 2 11 16 59
Talitha 478903477 1 08 46 51
Antony 413301117 1 01 27 31
Man 25449255 2 22 03 22
Gia 1278190164 1 07 05 54
Berry 128669959 1 09 48 02
Hubert 285951779 2 15 43 55
Jay 128655665 1 03 03 04
Kyung 1092997198 1 17 10 10
Shirlene 424016758 2 23 47 29
Jc 314047355 1 08 10 49
Nathanael 135823930 1 08 18 47
Olinda 476019048 1 03 04 36
Aisha 96497014 2 11 00 09
Leana 411029259 2 15 15 54
Rhiannon 1105954992 1 23 01 45
Hoa 25504017 2 16 05 54
Morton 1264279335 1 10 11 46
Liane 495570521 1 08 33 11
Arlean 510772491 2 16 01 21
Liane 129530914 1 15 08 59
Inell 497181956 2 19 03 37
Danita 479416377 2 17 52 57
Brandon 495570506 2 07 48 26
Liberty 475082792 2 15 46 59
Geraldine 126549457 1 07 27 00
Sonya 411018958 1 20 52 50
Clarence 345296263 1 23 48 49
Rupert 1296455373 1 23 31 08
Rudy 26016439 2 08 46 23
Olinda 560975962 1 07 18 07
Anton 297880376 1 20 52 31
Harriette 428216363 2 06 14 41
Moira 500009880 1 07 58 45
Deangelo 1243857924 2 18 03 09
Carli 401623785 2 16 33 13
Eda 402004623 2 10 43 27
Liane 479236120 1 01 42 42
Yuki 1223751736 2 06 03 44
Darci 314074286 1 22 10 51
Rhiannon 429544589 2 17 44 47
Clifford 1223806725 1 00 00 29
Thalia 96499341 2 14 39 44
An 129788146 2 05 30 18
Justine 479309406 1 20 37 40
Darci 497922523 2 22 36 43
Petronila 128668291 1 17 55 14
Gia 428670442 2 07 16 47
Berry 335741102 2 02 35 19
Morton 493769348 2 01 54 58
Easter 114310299 2 08 39 39
Adelia 1232608730 2 14 18 30
Saran 686529017 1 01 05 04
Deborah 1209790951 1 02 04 07
Lewis 416406603 2 13 47 07
Isadora 311888508 1 13 45 10
Shirlene 125375443 1 16 21 32
Maryam 133267092 1 22 45 47
Moira 128588853 2 11 47 12
Rupert 479435796 2 11 19 31
Curt 133267079 1 16 17 44
Marg 96500154 1 09 43 44
Eleonor 125375435 2 19 48 06
Vicenta 112613629 1 18 34 51
Jay 789804737 1 11 53 01
Easter 1110698259 2 08 44 06
Man 297880050 1 07 37 23
Petronila 114318628 1 01 04 32
Flavia 125375442 2 21 26 22
Veta 428214949 2 05 33 42
Karri 112653915 1 08 41 42
Thalia 479520017 1 08 41 25
Yuki 343634635 1 02 51 26
Carrie 126545013 1 00 41 16
Neal 1216466411 1 14 51 00
Hal 560976040 2 19 05 23
Eda 416011692 1 18 32 05
Yuki 424548322 1 21 59 22
Josue 1296455370 2 17 52 49
Jerald 479183986 2 12 11 40
William 478087407 2 17 28 33
Jaclyn 343646770 2 17 11 22
Belva 125375428 1 14 45 28
Venice 343634539 2 13 10 22
Gerardo 478212481 2 21 03 01
Genie 314074279 1 05 04 02
Justine 478646475 2 21 36 53
Karri 424016804 2 16 06 30
Antone 475572176 2 01 26 21
Matilda 416406609 2 06 24 02
Danita 1097379610 1 04 09 50
Clarence 501252447 1 02 32 38
Genny 480309175 1 16 02 10
Rigoberto 789695393 2 13 43 00
Howard 1216830901 2 13 44 53
Brooks 480486045 1 06 24 54
Scottie 415398844 2 02 41 39
Gilberte 480309199 2 07 10 15
Arlean 25532197 1 19 07 21
Kyung 297880386 1 22 31 58
Logan 343646682 2 18 42 11
Talitha 25632439 1 03 15 37
Dorian 433471537 1 02 54 01
Kyung 500009825 2 00 17 29
Eda 480476966 2 01 28 01
Elisabeth 1267417387 1 06 44 37
Georgette 429544145 1 09 27 56
Belva 343634492 1 22 52 04
Clarence 479309290 1 18 30 34
Arlean 410768934 2 19 58 55
Eda 129679647 1 22 52 30
Cleora 789704972 2 00 18 04
Flavia 112652833 1 11 23 49
Ebonie 497922510 2 19 22 07
Man 475405130 1 20 26 34
Liane 424016735 1 01 59 56
Maynard 311889582 2 15 49 37
Jerald 473874153 1 16 58 24
Jc 428214937 1 22 39 25
Belva 452577993 1 15 44 09
Molly 1225943124 2 07 17 45
Sterling 112597479 1 06 40 12
Ethan 297880534 1 17 58 37
Liane 285951778 1 20 51 21
Talitha 474787665 1 07 35 15
Agnus 560976053 2 01 34 33
Solange 1103952867 1 06 16 09
Delois 409114778 2 21 22 48
Liane 473873458 1 12 55 03
Agnus 314553224 1 06 16 21
Linette 497870840 1 08 24 19
Hulda 354912518 1 14 23 40
Marian 135824906 1 16 39 43
Justine 424079995 1 23 07 38
Scott 343634530 1 11 25 04
Hoa 560975912 1 07 26 52
Rogelio 26016447 2 23 30 27
Anna 285951777 2 09 52 34
Agnus 135814930 2 05 01 50
Logan 135822336 1 07 23 07
Ralph 492772626 2 22 22 13
Evette 114315584 2 00 14 30
Louann 1110673517 2 07 45 11
Patria 124384924 1 19 13 25
Jamila 429381408 1 23 18 18
Berry 497190508 1 10 56 09
Marline 414142278 2 02 36 49
Talitha 1223806720 2 05 30 14
Edna 128583741 1 09 43 20
Geraldine 1143317277 2 10 12 01
Tod 415406369 2 11 02 27
Antony 500009878 2 09 31 21
Antony 1218948004 1 13 22 57
Janell 126597343 1 08 48 53
Buffy 25620570 1 18 24 30
Agnus 478902827 2 01 12 30
Linette 480346169 2 01 42 35
Jeffery 497870961 1 13 20 28
Neal 428050294 1 18 41 15
Solange 1236473144 1 08 55 15
Anton 698819586 1 23 23 50
Sara 1097394503 2 06 00 44
Franklyn 129665111 1 07 54 26
Virgie 479226880 1 18 22 05
Marcene 1110698268 1 14 54 48
Olinda 479411827 1 16 23 36
Alane 848507146 1 10 22 07
Howard 787318147 2 08 54 30
Brandon 1264279363 1 09 51 14
Inell 609719937 1 14 28 28
Delois 444004680 2 11 36 19
Margene 480476945 2 17 05 07
Josue 506111742 2 09 40 11
Hoa 335562443 2 04 39 36
Yuki 793739641 2 08 06 34
Kyung 137896694 1 02 02 33
Darci 25507585 1 17 24 33
Elias 445439337 1 21 38 34
Johnnie 297369594 2 05 56 55
Sara 128578701 1 18 29 31
Isadora 137994933 1 12 03 06
Rhiannon 1274830098 1 12 09 29
Moises 1216466437 2 06 23 56
Genny 314549171 2 23 03 23
Ashton 285945659 1 17 02 06
Edgardo 1252543251 2 02 35 53
Harriette 112594241 1 00 16 31
Scott 311888510 1 10 22 49
Cecelia 663689241 2 21 41 53
Nathanael 481392116 2 11 16 54
Lita 312403817 2 00 11 40
Moises 112654450 2 01 51 38
Ida 479184009 2 23 58 45
Shauna 343634530 1 09 53 43
Aisha 112688602 1 04 50 45
Greg 474810941 1 11 05 35
Eda 452682238 2 22 19 44
Inell 431647288 1 18 07 42
Sara 1165384499 2 14 53 52
Marg 1249809183 1 15 43 28
Hal 480482993 2 21 25 53
Hal 1264279430 2 11 09 58
Arcelia 497190392 2 03 34 44
Awilda 126400684 1 14 44 50
Solange 1198805224 1 18 02 13
Doug 314074598 1 03 00 17
Janell 475360031 1 15 47 31
Leana 335691896 2 10 55 05
Sean 111450389 1 23 29 17
Ralph 424016840 2 18 27 21
Jaclyn 135823926 2 15 37 56
Dorian 435240948 2 18 59 22
Anna 25632376 2 18 01 58
Adelia 789830291 2 01 18 33
Buffy 402016670 1 10 28 04
Carlos 428214923 2 18 42 37
Ethan 1198805224 2 09 54 54
Ebonie 475877052 2 21 13 13
William 698819584 2 16 15 48
Laraine 111636738 2 20 54 41
Berry 452682253 1 08 32 16
Simone 479522372 2 10 31 54
Everette 435240914 2 10 10 34
Scott 791709763 1 21 21 07
Johnie 1264279363 2 15 03 28
Marcene 335739952 2 15 15 10
Sherley 299585284 2 08 47 12
Floria 430012053 1 19 03 14
Rhiannon 1165604036 1 13 40 17
Gaynelle 492269070 1 04 25 22
Jaclyn 1185192026 1 02 09 29
Logan 314536496 1 12 47 19
Genaro 414952223 2 23 05 12
Floria 111630431 2 21 34 37
Janae 1234709048 1 10 50 45
Leana 497922502 1 16 49 41
Denisse 500009878 1 19 59 05
Berry 428208842 1 09 48 34
Justine 128591064 1 01 17 38
Earnestine 475405130 2 02 58 51
Shery 1225943130 1 16 51 40
Alejandro 125375426 1 14 21 52
An 335739277 2 20 19 39
Era 353289226 1 09 51 09
Mickey 418094121 2 12 09 52
Carlos 129559333 2 20 40 01
Scott 129550744 2 17 48 40
Rayford 479235515 1 07 42 43
Eleonor 452577993 1 21 59 46
Chadwick 444023213 2 01 19 49
Flavia 958305717 1 00 09 18
Rima 343646686 1 14 34 39
An 114326093 1 23 23 28
Louann 428214920 2 03 16 00
Angelia 1110673551 2 23 51 47
Clifford 475329138 1 22 13 23
Rigoberto 112265317 2 10 49 39
Theodora 560401025 1 15 17 44
Lita 415335276 1 06 30 58
Julee 478862654 1 03 07 39
Virgie 479297783 2 22 11 33
Loriann 128668295 1 10 06 43
Sean 435240906 2 12 02 32
Floria 475568044 1 16 24 12
Brooks 133269308 2 21 02 19
Rupert 1072187142 2 00 34 48
Sterling 311888690 2 17 45 58
An 114322161 1 01 39 18
Johnie 126397455 2 07 04 26
Rhiannon 114322160 2 16 15 41
Gaynelle 493669144 1 00 45 33
Rupert 126580884 2 20 36 32
Carrie 1110698243 2 13 53 13
Kyung 112651999 1 19 35 56
Manuel 26015912 2 18 04 01
Fabian 353290227 1 09 53 59
Genie 414134090 1 13 51 04
Evette 474546977 2 04 52 05
Creola 493769387 1 06 58 48
Madge 1165604074 2 02 03 17
Josue 1097379481 2 03 14 21
Rupert 1264279393 2 02 51 15
Valarie 128668291 2 02 17 43
Jc 138244094 1 19 05 18
Johnnie 445815817 2 16 33 30
Valencia 114310301 1 02 28 16
Curt 135884190 2 20 33 26
Christinia 773982499 1 04 23 38
Karine 314074281 2 19 25 11
Logan 423185149 2 21 34 57
Linette 1243857959 2 22 55 08
Eda 429833953 2 08 12 02
Hal 1216789883 2 18 14 09
Carli 1165604123 2 20 23 17
Johnnie 501142202 2 02 56 54
Manuel 1291503778 1 18 45 15
Agnus 311888687 1 11 23 55
Howard 137896696 1 11 29 09
Morton 497187293 1 07 35 47
Nicolas 311624244 2 21 27 42
Eda 112263308 2 20 02 46
Son 480323903 2 00 29 36
Louann 1097394504 2 19 51 26
An 479225728 1 05 29 36
Marian 424079995 2 11 04 33
Dorian 473878705 2 08 20 41
Lewis 413477911 1 04 25 19
Clarence 425727393 2 22 23 54
Marg 281726447 2 19 34 59
Rudy 125384241 1 16 38 18
Jazmine 414952165 1 05 04 23
Harriette 475555174 1 04 22 32
Flavia 432578837 1 17 49 50
Rigoberto 25632401 1 11 52 12
Jay 428214951 2 19 40 56
Rayford 1097394554 2 08 24 39
Jay 429378656 2 18 41 33
An 1108076410 2 07 36 45
Sterling 112651994 1 15 56 18
Louann 479435798 1 16 31 58
Renea 1225943156 2 13 40 46
Margene 479416374 1 10 11 33
Yuk 1278037411 2 10 18 14
Emilio 474385798 2 03 41 54
Earnestine 311624254 2 09 24 55
Marian 111455340 2 04 03 03
Molly 480476976 2 03 19 02
Matilda 285910932 1 04 12 05
Harriette 429378661 1 14 47 17
Klara 497922227 1 08 28 13
Buffy 663689265 1 09 50 28
Veta 414127327 2 17 40 53
Genny 475360049 2 07 11 58
Sterling 311888775 2 06 55 12
Hubert 428217477 2 17 36 05
Marian 135814923 1 00 04 09
Josue 1165604099 2 01 11 03
Hoa 428214906 1 19 40 11
Dorian 128578693 2 18 05 51
Virgie 409114770 1 14 31 35
Son 343634558 1 22 29 27
Adelia 474683172 1 21 09 53
Danita 1202110389 2 08 22 49
Scott 1252543228 2 04 08 59
Ebonie 297880392 2 08 40 00
Klara 473879871 1 13 19 48
Shirlene 428214926 2 22 26 58
Gilberte 285951779 2 11 06 07
Liane 497922601 2 21 51 31
Alexandria 1103952808 2 20 36 31
Louann 478862285 1 04 53 37
Marline 479412099 2 01 55 46
Darci 311624223 2 09 28 10
Floria 495570464 1 01 08 18
Gilberte 428214925 2 19 16 04
Everette 408432565 2 09 33 52
Edna 1092997327 1 22 18 48
Denis 1243857885 2 11 51 26
Raeann 432578837 2 19 50 01
Laraine 428214895 1 09 38 09
Gia 311624251 2 03 32 16
Arcelia 414134132 2 21 24 41
Elias 125384241 2 21 27 27
Talitha 128625788 2 22 45 14
Carrie 314074319 2 04 59 31
Clora 126547487 2 23 39 12
Valencia 297369930 2 11 31 54
Yuk 479297773 2 08 26 15
Veta 500009874 1 17 56 49
Ethan 129679647 1 21 38 05
Jazmine 495503700 2 14 44 27
Antonia 480486043 1 07 15 57
Christinia 479435842 2 16 23 48
Eda 497991069 1 13 15 39
Freeman 311889074 1 15 34 01
Genny 480348682 2 00 33 13
Gerardo 428215791 1 17 10 33
Deborah 286970022 2 12 15 27
Bradley 285945659 2 17 26 21
Jc 480486044 2 17 29 39
