Curt 414976599 1 12 13 17
Rudy 1097379493 2 17 00 23
Rudy 429380571 2 23 51 58
Maryam 343634522 2 05 08 35
Tod 1097379622 1 09 00 03
Maryam 286969786 2 01 38 02
Doug 479520028 1 07 17 40
Angelia 497240498 1 04 01 52
Johnie 112675714 2 17 48 13
Doug 428215775 1 00 35 26
Jaclyn 430284846 1 18 08 48
Virgie 1221804110 2 19 49 34
Mickey 1097379481 1 12 31 01
Samual 138242846 2 16 28 18
Eleonor 480493281 1 08 07 48
Agnus 435469009 1 16 09 02
Jesica 100118711 1 21 23 43
Clifford 1110691349 1 17 22 16
Saran 111429620 1 18 30 08
Collin 122523494 2 21 10 02
Son 414249882 1 10 23 25
Ralph 497171033 1 21 15 04
Marg 111830200 1 12 05 16
Solange 129554561 2 13 18 29
Liane 138210915 2 11 58 54
Christinia 478208223 2 23 13 44
Carolann 478633052 2 12 59 46
Raeann 417060491 1 04 27 54
Loriann 422548097 2 18 13 11
Belva 415754672 2 02 24 56
Talitha 447908126 1 18 20 45
Brooks 560400993 2 10 11 20
Isaac 285948515 2 00 15 10
Marcene 122535567 2 22 06 01
Jesica 314074588 2 06 40 36
Jamila 276932742 2 05 46 37
Liane 112675709 1 15 47 15
Shawana 257736400 2 15 24 32
Virgie 299612405 2 18 01 12
Aisha 442328984 1 08 22 32
Moises 1097394519 1 23 30 12
Arlean 411842220 2 14 04 11
Patria 126547511 2 05 07 04
Rogelio 431647259 1 01 40 31
Raeann 790021300 2 22 58 38
Ralph 335739952 2 04 53 21
Franklyn 126542188 2 23 34 19
Aisha 111447977 1 07 32 54
Lita 475549051 1 10 11 27
Carli 501142553 1 07 39 01
Simone 112617163 1 03 35 51
Maryam 285951310 1 10 18 15
Edgardo 276936085 1 18 34 39
Rima 1279795690 1 11 50 31
Cleora 125384243 2 20 49 43
Genaro 414128969 1 18 02 47
Marg 1243857830 2 10 25 53
Franklyn 428215387 1 15 05 04
Hulda 495503994 1 21 32 17
Antony 1107381202 1 07 07 51
Brooks 26122667 1 23 56 36
Nathanael 1236473142 2 20 19 06
Sharell 429378655 2 14 35 24
Elias 1110673666 2 10 33 29
Carrie 128587402 2 15 40 13
Emilio 428217463 1 07 08 23
Molly 1097379548 2 22 20 06
Morton 1207545753 1 23 48 54
Vicenta 474728398 2 06 50 36
Berry 513925588 2 23 26 04
Elias 429544580 2 04 23 44
Jeffery 480476925 2 11 38 33
Berry 479522373 1 04 24 04
Freeman 299585301 2 14 51 22
Latisha 414952172 2 13 44 25
Ila 1218948006 2 00 12 51
Brandon 285948656 1 22 32 19
Son 1236467624 2 01 14 15
Shirlene 409118177 2 18 33 07
Neal 1165604034 2 13 52 13
Felton 285910994 1 09 11 30
Nicolas 1216830875 1 15 00 19
Moira 480476928 1 09 37 00
Genny 474698118 2 06 04 26
Justine 432589606 1 19 19 46
Aisha 26016414 1 11 15 32
Hoa 135820179 1 16 03 42
Alexandria 428217018 1 11 22 21
Flavia 128591076 1 11 41 16
Ida 111447960 1 06 42 50
Sharri 126635921 1 03 32 07
Santos 414905322 2 06 07 57
Sonya 474544818 1 19 37 38
Eda 473873465 2 21 19 55
Jamila 474676245 2 15 59 03
Inell 299612546 1 20 54 57
Renea 501252465 1 23 18 03
Darci 493669093 2 03 25 07
Angelia 297370155 1 02 56 59
Deborah 428217468 2 12 40 59
Ethan 297880386 2 09 11 18
Shery 135876849 1 12 40 04
Jesica 25632376 2 04 59 11
Freeman 100118693 1 09 39 12
Renea 257735088 2 23 56 43
Luis 343634589 1 05 44 14
Arcelia 335557221 2 17 55 22
Moira 1291504390 1 10 38 18
Denisse 435240959 1 16 03 54
Theodora 503018122 1 03 22 51
Rigoberto 285948656 2 23 33 16
Na 415406355 2 23 25 48
Mickey 1317539974 1 18 15 04
Raeann 129667176 1 16 09 30
Chadwick 500009818 1 10 25 39
Nicolas 479226769 2 18 20 19
Nada 497187293 2 22 34 36
Antonia 428215441 1 23 06 38
Klara 343634495 1 22 37 22
Antonia 480346186 1 17 48 10
Sherley 299612947 2 01 54 14
Darci 114311906 2 04 40 40
Liane 473867503 1 17 11 31
Na 428214870 1 06 35 31
Gia 428215636 2 10 19 07
Margene 475572180 2 14 25 00
Bradley 474553713 2 07 10 37
Brooks 335561971 1 09 25 43
Margene 1110673512 2 22 11 05
Moises 481401110 2 08 09 34
Rogelio 112290054 2 03 03 08
Carolann 475552096 2 01 07 21
Venice 475360026 1 03 56 09
Talitha 114310468 2 15 15 11
Gilberte 480486055 1 14 49 07
Santos 1293997461 1 16 25 08
Era 1296455223 1 07 22 02
Marcene 316511863 1 03 59 02
Antone 314075458 2 09 36 18
Clarence 428050283 2 19 36 38
Aisha 1334148418 2 16 53 51
Sara 299608220 2 07 00 24
Felton 1290243438 1 13 44 33
Son 299614560 1 01 37 13
Easter 129784804 2 22 39 19
Earnestine 1334167609 1 21 44 33
Aisha 791709788 1 02 27 31
Angelia 1294005339 2 18 20 43
Ralph 299584068 2 16 48 07
Inell 479183292 1 18 53 47
Shawana 492777130 1 07 23 17
Sonya 111481563 1 07 48 30
Rhiannon 1207544290 1 03 50 18
Elisabeth 480493290 2 15 05 50
Delmar 299614513 1 22 30 22
Carli 26016457 2 16 19 40
Petronila 1097394596 1 20 29 00
Rupert 503018212 1 14 32 22
Olinda 114319485 1 14 37 22
Scott 495504108 1 13 45 14
Valencia 1097394673 2 11 17 03
Saran 129674305 1 20 16 08
Shirlene 1223751698 2 03 36 48
Virgie 412508407 2 05 02 59
Moises 428215438 1 12 16 01
Berry 500009881 1 15 46 34
Raeann 500009903 1 23 53 03
Morton 128655655 2 08 23 09
Kyung 138231425 1 15 39 22
Deborah 474789323 2 12 56 19
Jc 285910474 1 14 50 27
Berry 26015921 1 23 04 02
Evette 343634528 1 09 04 50
Eda 480309143 2 13 04 13
Sharri 412249442 2 16 49 11
Shirlene 128594106 1 23 29 32
Delmar 497190437 1 17 11 52
Maynard 1097379612 1 17 57 45
Simone 424016766 2 09 28 25
Hubert 297370154 2 17 15 13
Janae 111465603 1 22 16 44
Nicolas 112617131 2 17 27 12
Marline 25504183 1 18 30 31
Samual 428050294 1 20 18 40
Sharell 414127327 1 15 44 06
Loriann 133269306 1 02 58 23
Liane 137897927 2 12 41 30
Jeffery 129676696 1 04 59 33
Jesica 793739641 1 15 19 50
Geraldine 497317068 1 15 31 15
Anna 414976597 1 07 11 14
Belva 430267082 2 08 06 46
Lewis 285951310 1 16 41 59
Berry 138239684 2 11 24 34
Samual 474683172 1 13 23 37
Rogelio 493669252 1 03 51 26
Isaac 138235495 1 10 26 14
Arcelia 479416337 1 23 53 59
Gia 311888764 2 08 30 53
Latisha 424079985 1 13 30 37
Johnnie 1097379659 2 02 29 56
Janae 1267417404 1 14 25 58
Brooks 135816220 1 18 41 49
Marg 1264279340 2 00 37 46
Earnestine 112688573 2 22 58 09
Molly 111465606 2 20 59 31
Deangelo 473867503 2 19 00 50
Santos 500009816 1 16 30 12
Carolann 1252543207 1 13 28 47
Genny 281726630 1 13 01 28
Harriette 1264279401 1 18 05 25
Yuk 408431005 1 08 01 56
Gaynelle 513920936 1 20 22 58
Santos 1097379540 1 10 43 38
Alexandria 792643032 2 03 30 54
Vicenta 129789018 1 03 40 09
Rayford 1097394637 2 03 22 11
Clifford 343646740 2 18 35 26
Henriette 114320465 2 04 23 36
Isadora 1097379511 2 00 24 55
Ashton 343646687 1 02 50 16
Hal 285910556 2 23 38 39
Valarie 1165604083 2 03 54 49
Rigoberto 840460285 1 17 24 33
Marian 495504067 1 02 53 26
Liane 475724493 1 12 57 32
Chrystal 444030214 1 08 51 03
Julee 473240006 2 10 45 24
Nathanael 1225943148 1 16 06 06
Sharri 479225641 2 17 59 54
Kyung 1097379562 1 18 24 04
Jerald 111449497 1 10 44 28
Clarence 137831876 1 19 50 59
Antony 479226501 2 00 08 15
Marian 314043975 2 22 13 19
Lita 111464007 1 14 21 31
Sherley 497690585 2 18 24 36
Sonya 1097394729 2 11 06 21
Alane 1223751803 2 21 45 37
Carolann 479512734 1 04 49 53
Louann 473859170 2 23 11 52
Margene 114310833 1 03 06 43
Chadwick 497171037 2 10 24 37
Justine 311887399 1 00 17 52
Denisse 1185192020 1 05 08 35
Marcene 417060475 2 22 11 03
Saran 1207543127 1 07 56 23
Curt 135857475 1 12 11 02
Laraine 1143316740 1 13 10 28
Ebonie 428217463 1 04 02 05
Hal 90380816 1 09 09 40
Johnnie 25507579 2 20 34 52
Kyung 1107381207 2 11 39 56
Olinda 1223751602 1 05 19 54
Gilberte 479236032 1 00 17 17
Aisha 129792739 1 12 10 00
Geraldine 475876237 1 03 49 10
Rogelio 1264279299 2 10 04 02
Isaac 415754698 1 11 55 42
Edna 112290052 1 17 54 34
Christinia 428217648 1 13 11 55
Janell 492270079 2 06 26 08
Deangelo 452682240 2 17 40 59
Saran 479225728 1 06 05 42
Antonia 114315591 2 17 05 14
Linette 138205498 2 03 18 33
Leana 112593054 1 22 41 26
Jeffery 479411888 1 06 09 09
Ashton 1296455368 2 23 14 24
Jeffery 415406371 2 06 47 24
Magnolia 1243857923 2 03 07 38
Jay 560976015 1 19 53 56
Chrystal 747467609 2 03 48 09
Valencia 435759031 1 11 53 57
Bradley 111445022 2 12 06 01
Liberty 473879878 2 12 47 36
Talitha 435240917 2 07 19 46
Johnie 480476928 2 02 49 41
Laraine 492772552 2 01 25 43
Harriette 495570473 2 14 39 51
Samual 504782500 2 03 22 04
Awilda 480482911 1 20 11 46
Cleora 428215792 1 21 47 00
Gia 1264279471 1 13 09 41
Dorian 534476381 1 07 21 16
Eda 480348688 2 14 38 55
Clora 423185205 2 05 29 20
Howard 1164520746 1 12 11 59
Shirlene 128591079 1 00 02 19
Jeffery 1103500491 1 23 59 23
Lewis 130211630 1 08 56 17
Jaclyn 335561262 1 09 02 08
Man 480482957 2 06 47 29
Tod 114310860 1 00 01 01
Howard 299613131 2 06 04 29
Josue 480346511 1 16 41 06
Adelia 114312656 1 17 13 38
Franklyn 1105954994 2 06 38 43
Carli 1225943158 1 04 39 30
Na 112617142 1 09 50 39
Maynard 513931870 2 00 12 48
Denisse 497870374 2 17 00 13
Anton 1097394491 1 02 23 09
Christinia 133267089 1 07 28 01
Santos 497871216 2 06 15 46
Danita 1223751717 2 03 40 34
Bradley 1278190164 1 12 17 35
Tod 1296455327 1 11 52 32
Ida 428214872 1 03 34 14
Sean 497190433 2 21 45 00
Rupert 479185282 1 05 21 53
Ashton 428215647 2 15 27 39
Na 444004668 1 18 57 37
Na 429380571 2 01 22 37
Era 479512748 2 12 35 25
Rudy 299598639 2 11 21 04
Karri 747478309 2 21 03 06
Liane 411066296 2 17 40 42
Gilberte 276932744 1 22 35 14
Carolann 1165604100 2 04 44 47
Morton 135826853 1 19 00 26
Isaac 124365949 2 16 31 37
Linette 1243857959 2 03 26 08
Isaac 414952216 2 06 27 00
Isadora 124385738 1 14 14 58
Edna 428215411 1 12 03 39
Gaynelle 480482955 1 17 35 38
Liane 1294005333 2 21 45 04
Christinia 299610576 2 09 41 54
Freeman 26122788 2 00 41 21
Rima 128587416 2 00 02 33
Alissa 124365949 2 14 25 58
Geraldine 314073919 2 04 53 14
Margene 432578841 2 17 27 27
Deborah 135814921 1 19 21 36
Ethan 480348690 2 23 36 45
Aisha 1264279342 1 21 29 18
Carlos 126625248 2 09 58 24
Adelia 1207560198 2 20 40 04
Osvaldo 429378625 2 13 42 45
Adelia 112597480 1 16 51 32
Marian 497991108 1 19 09 58
Theodora 111630432 1 12 42 37
Alexandria 497870410 2 03 34 42
Hulda 299599024 2 17 39 01
Collin 137851206 2 11 47 08
Veta 429378658 2 23 25 24
Manuel 428208841 1 03 47 57
Leana 773982492 1 05 19 10
Brooks 1216830896 2 21 06 42
Loriann 429541669 1 04 50 52
Marg 475404275 2 13 45 41
Rudy 478208230 1 15 38 18
Scottie 789695377 1 18 13 19
Petronila 112688618 2 03 32 19
Marian 446308240 1 09 40 20
Georgette 311888619 1 04 43 59
Antonia 474800927 1 23 33 50
Moises 111634613 2 09 09 29
Hulda 1143317790 1 17 11 08
Josue 1110673617 1 01 44 59
Hulda 1243857939 1 12 20 45
Renea 114317410 2 15 39 20
Venice 1223751575 2 22 19 31
Jc 495570441 2 07 14 25
Loriann 26015924 2 20 13 31
Jerald 1252543205 2 18 56 43
Matilda 492269068 1 17 19 59
Kyung 476018972 1 22 51 13
Felton 435759029 1 10 08 57
Genny 445041887 2 08 15 56
Jazmine 111428019 1 23 06 39
Leana 428214929 1 14 06 17
Clora 478903644 1 17 45 38
Clora 429381407 2 18 50 31
Sharell 418091972 1 18 41 27
Johnie 1097394527 1 06 38 49
Antony 112594240 2 23 45 03
Ashton 114310468 2 16 22 24
Kenda 480500621 2 11 08 35
Rima 314075495 1 17 50 02
Cecelia 297369945 1 14 43 10
Mickey 480482975 2 18 03 37
Rima 1314231529 2 09 11 02
Theodora 478631902 2 02 46 20
Fabian 96499363 2 20 15 43
Raeann 495504202 2 20 10 32
An 297880068 1 12 51 06
Josue 128677720 1 13 39 39
Rima 1165604065 2 03 12 19
Rupert 431647269 1 21 56 20
Harriette 415406355 1 02 25 59
Alejandro 297369218 2 04 11 04
Valencia 1097394698 1 17 47 43
Magnolia 25620948 1 22 53 11
Virgie 409114778 1 01 22 41
Awilda 297880070 2 16 12 03
Marian 112591235 1 22 35 53
Denis 335739958 2 03 31 59
Hulda 335560973 2 22 58 26
Chadwick 1296455189 2 06 22 15
Samual 319327511 2 16 07 29
Alexandria 343646810 1 10 14 10
Clifford 111461657 1 00 43 25
Adelia 114328975 2 00 05 46
Creola 1198805069 1 22 41 44
Margene 1236467608 2 18 27 24
Genny 1165604019 2 05 58 36
Dannie 1198805173 2 23 41 53
Hal 429378662 2 13 17 36
Theodora 475360037 2 18 37 34
Solange 1198805193 1 22 04 22
Scott 409117207 1 01 52 02
Doug 473873462 1 07 50 13
Hubert 474544816 1 00 10 39
Virgie 430012031 1 21 37 33
Gilberte 510772500 1 02 53 25
Elisabeth 420807841 1 21 06 03
Sonya 335560378 2 08 44 49
Ashton 497869919 1 06 08 36
Genny 135820176 1 10 02 39
Brooks 299612832 1 14 15 54
Agnus 416385402 2 23 51 46
Kenda 560405677 2 13 24 41
Buffy 442328981 2 22 38 09
Brooks 698816672 2 04 35 41
Neal 96500160 2 21 28 32
Clora 473872072 1 16 36 18
Mickey 1097394745 2 22 03 36
Marg 475573789 1 00 29 02
Karri 560975949 2 10 26 02
Antonia 444030222 2 22 29 29
William 414952165 2 10 43 06
Osvaldo 424029086 2 10 31 07
Thalia 133267098 1 03 24 09
Liane 497311278 2 02 10 13
Hubert 126409965 2 17 11 29
Dannie 704799579 2 22 22 13
Delmar 1243857942 2 03 34 59
Antonia 126643110 1 10 47 00
Janell 126581619 1 23 51 29
Ashton 112617142 1 21 54 33
Gilberte 474676243 2 17 16 31
Sharell 1131291321 2 05 34 45
Delois 130214703 2 22 53 12
Matilda 416385402 1 00 56 53
Ida 417060490 1 12 19 29
Kenda 479189427 2 13 27 46
Sterling 428215586 2 16 12 36
Greg 299614518 2 13 14 22
Mickey 497690579 1 04 34 57
Jaclyn 111463993 2 11 00 13
Marcene 1216751949 2 23 24 50
Yuk 26015918 1 14 56 19
Awilda 25632427 1 07 08 11
Carli 299575942 1 16 24 46
Sara 1294005334 1 14 20 37
Deangelo 445041915 1 09 35 24
Rima 1216466407 2 12 50 07
Klara 126542172 2 05 21 00
Shawana 1097394728 2 06 27 56
An 474699483 2 22 34 02
Genny 497301822 1 01 06 23
Adelia 698819576 2 07 40 56
Chadwick 560405652 1 19 34 15
Creola 1243857942 2 12 53 58
Linette 495570500 1 13 09 58
Saran 480486052 2 13 44 00
Alpha 474701473 2 02 27 26
Renea 424548328 2 12 39 44
William 126552522 1 08 12 49
Christinia 128655626 1 16 10 55
Rigoberto 111507449 1 18 35 23
Rigoberto 406359726 2 11 10 24
Yuki 25632427 2 20 50 15
Shery 423185222 1 17 34 54
Logan 114310694 2 15 11 45
Ebonie 560978266 2 04 22 24
Ebonie 475552092 1 08 31 45
Era 25632426 2 04 57 32
Elisabeth 314075458 2 10 49 34
Valencia 1198805177 2 01 47 16
Lita 1244598179 2 04 04 28
Johnnie 299585609 1 19 34 13
Molly 335740661 1 14 26 48
Nathanael 128655634 1 19 44 25
Leana 474676242 2 13 52 25
Hoa 135823930 1 12 10 08
Antone 1223806738 1 23 40 38
Georgette 299607579 2 14 59 34
Isaac 312403574 1 07 37 04
Janae 1223806728 2 04 42 09
Josue 930155434 1 14 57 09
Neal 1234709060 2 10 41 32
Maynard 495570469 1 18 40 26
Danita 429541655 1 18 39 24
Emilio 1072187144 1 15 16 42
Buffy 343634492 2 07 48 18
Renea 431647288 1 12 57 49
Nicolas 374363436 1 18 34 44
