Sharri 297369934 1 23 51 35
Harriette 138205502 1 03 45 08
Floria 428215777 1 19 42 18
Sharri 974882854 2 07 14 51
Moira 1334167591 2 07 12 04
Lewis 1043000754 1 16 15 47
Maryam 314047589 2 21 11 24
Talitha 1316963160 1 18 29 15
Doug 1216830871 2 10 00 25
Sharri 429544555 2 00 04 26
Era 299607569 2 13 21 30
An 1107381201 1 19 00 55
Klara 311889487 2 02 19 38
Deangelo 428217632 2 14 49 36
Rayford 135814923 1 04 48 19
Carolann 480482956 1 19 47 29
Isaac 343634524 1 23 38 57
Jerald 784545874 2 09 49 08
Isaac 111428015 2 09 58 27
Osvaldo 430012029 1 07 33 28
Hulda 1097379481 2 22 09 36
Eleonor 428050290 2 23 11 33
Awilda 135857478 1 11 14 39
Hubert 1243857867 1 10 00 16
Rupert 1239645082 1 23 13 00
Alexandria 1105984368 1 00 43 26
Rupert 1103500538 1 01 22 14
Arlean 492269495 1 23 40 01
Lewis 1092941945 2 09 25 51
Carolann 773982483 2 20 07 32
Clifford 111460002 1 09 25 50
Greg 791709707 2 12 20 04
Inell 1224758703 2 18 32 02
Veta 114328975 2 14 29 15
Moises 285908610 1 15 48 03
Era 444030232 1 17 11 08
Molly 125375444 2 02 03 19
Johnnie 446308238 2 12 16 27
Buffy 26016421 2 19 13 00
Hulda 112290054 2 22 23 48
Aisha 25632427 1 05 36 52
Santos 480482972 1 09 51 37
Rima 335560440 2 10 18 05
Deborah 435240927 1 04 22 22
Elisabeth 343646662 1 06 55 56
Liane 112591235 2 01 16 42
Eleonor 432578865 1 15 13 04
Tula 497334145 2 12 51 00
Delmar 1216466414 1 14 12 52
Chadwick 137896693 1 07 14 29
Georgette 420777494 2 12 57 42
Anna 111450380 1 08 43 30
Flavia 497185200 2 04 27 14
Magnolia 280199314 2 05 25 29
Jazmine 1223740133 1 10 58 14
Molly 474546987 2 12 18 52
Ralph 128588850 2 11 38 52
Arlean 26016453 1 15 04 25
Thalia 335739276 1 10 57 59
Franklyn 114308209 1 07 24 30
Brandon 299584296 1 23 37 16
Clarence 111619645 1 20 32 31
Johnnie 479435818 1 02 15 51
Sharell 1097394743 2 05 27 07
Nathalie 479520025 1 09 47 53
Manuel 1263433204 1 21 22 08
Emilio 417058301 2 14 40 59
Na 428216307 1 05 10 16
Kyung 478100841 1 16 04 22
Mickey 285910983 2 04 47 05
Denisse 126581608 1 09 20 28
Chadwick 276935646 2 12 51 34
Ila 415754671 1 21 38 16
Isadora 1296455464 2 11 35 53
Anna 112637638 2 03 17 46
Inell 111465590 2 07 12 21
Earnestine 137967018 1 23 59 41
Rudy 479435839 1 19 25 35
Doug 480482981 1 16 37 36
Brooks 432578813 1 09 58 59
Marcene 424593428 2 18 33 22
Isaac 299611238 1 12 14 54
Renea 1165604047 2 22 20 59
Freeman 128655665 2 03 06 23
Gerardo 479226935 1 20 04 03
Marline 137903872 2 12 50 18
Latisha 414952166 2 16 05 03
Delois 1252543231 2 23 53 56
Isadora 114317405 1 14 50 34
An 506111759 1 13 07 51
Genie 474699484 1 08 06 02
Petronila 1185191998 2 08 22 43
Agnus 789709524 1 06 02 37
Jesica 500010054 2 17 44 56
Deborah 111636740 1 14 16 00
Flavia 343646818 1 18 41 04
Harriette 25632409 2 12 30 30
Patria 1294005339 1 13 29 38
Nicolas 112266450 2 00 19 55
Samual 444004629 2 10 44 37
Deborah 428217475 2 18 49 35
Henriette 497870961 2 08 30 32
Elias 493769347 1 01 40 01
Matilda 1092997327 1 22 52 07
Osvaldo 114309768 2 03 11 02
Valencia 1097379511 2 01 47 33
Johnnie 412525211 2 16 49 06
Johnie 747478309 2 22 21 22
Sterling 474780953 2 14 01 30
Jaclyn 479309617 1 09 39 45
Leana 413301115 2 01 09 20
Julee 497991354 1 13 05 17
Man 479297791 1 11 10 51
Moises 663689261 1 10 30 05
Alane 1294005340 1 06 10 15
Sharell 126581621 2 07 54 50
Arlean 311889633 1 11 51 08
William 112613609 1 19 53 55
Nicolas 299584296 1 17 20 36
Matilda 534476381 1 16 19 05
Man 428215435 2 09 30 38
Genaro 475328014 1 18 42 41
Ila 417060481 1 13 22 59
Ila 126404031 1 23 57 44
Rigoberto 112618344 2 12 04 26
Olinda 1110698277 1 19 52 28
Man 137982795 1 13 30 16
Petronila 429432832 1 03 16 27
Yuk 1198805079 1 00 27 06
Jazmine 1294005333 1 17 55 00
Thalia 412247985 1 00 16 37
Patria 1278758099 2 13 16 12
Linette 428217025 1 01 07 38
Ralph 26057853 2 08 08 48
Denis 560978263 2 02 43 14
Delois 428215388 2 20 57 15
Aisha 452682268 1 10 21 53
Angelia 299580961 2 20 11 25
Rhiannon 112597463 1 21 14 56
Deangelo 497176052 2 15 08 56
Rima 1103952935 1 01 37 53
Marline 428214944 2 07 25 50
Ashton 474785716 1 15 01 58
Yuk 1296455177 1 10 39 07
Tula 479520026 2 05 21 40
Aisha 495570438 2 14 30 55
Shawana 1278758095 1 09 55 15
Manuel 663689450 2 21 22 46
Gilberte 1239645067 1 15 34 50
Manuel 114310467 2 11 26 26
Jay 112588576 2 06 43 00
Rhiannon 114311902 2 07 48 26
Bradley 1296455235 2 15 58 41
Clifford 1209790949 1 00 54 24
Thalia 500010054 2 17 29 43
Hubert 474677907 2 02 13 18
Loriann 480500610 1 22 41 11
Tod 404072511 1 09 03 24
Adelia 479512737 1 01 28 11
Ebonie 478632897 1 16 10 46
Sharri 96499473 1 22 39 36
William 299577729 1 23 03 18
Jamila 480328299 2 11 20 13
Vicenta 686529011 1 22 25 55
Magnolia 497871391 2 20 52 21
Hulda 478903552 1 17 43 29
Scottie 311887240 1 06 07 42
Antonia 280199470 2 20 29 25
Laraine 133269298 2 14 21 31
Cecelia 135814914 2 00 42 27
An 253283047 1 12 37 25
Sharri 126543210 2 17 30 26
Floria 1164520746 1 02 44 18
Ebonie 111447974 1 13 34 36
Mickey 480482965 1 09 42 20
Jaclyn 1296455210 2 09 49 47
Valarie 343646784 2 22 34 01
Shery 497334888 2 11 59 34
Rhiannon 503018205 1 05 53 27
Petronila 473849274 2 03 58 25
Alexandria 789711123 2 07 29 54
Alpha 429544557 2 01 23 45
Thalia 112599904 1 04 44 08
Venice 497317102 1 16 42 44
Collin 478212483 2 12 44 16
Liane 414956298 2 17 53 46
Osvaldo 26015921 2 19 56 27
Earnestine 128586497 1 01 26 34
Janae 411502730 2 15 55 13
Venice 1236467608 1 00 30 10
Jerald 297369946 2 19 19 14
Berry 1207545753 1 15 01 08
Inell 1278758097 2 01 29 57
Raeann 299586502 2 20 09 34
Carrie 111646762 1 00 47 40
Osvaldo 1243857851 1 06 57 17
Karri 475116908 1 01 45 07
Gaynelle 138196594 2 01 31 09
Isadora 1110673601 1 15 46 35
Laraine 25532201 1 14 33 25
Deborah 417060459 1 18 56 20
Magnolia 497186083 1 05 41 51
Howard 1198805162 1 11 56 01
Maynard 414134094 1 01 50 06
Petronila 428215583 2 13 17 23
Carli 26015915 1 15 37 30
Ila 1216830862 2 11 48 01
Shirlene 428214945 1 12 46 50
Harriette 506111734 1 04 56 14
Deborah 343646741 2 16 29 50
Floria 415754676 2 11 11 54
Carlos 335560768 1 08 13 36
Simone 128607704 1 08 08 19
Na 314074695 1 17 55 29
Eleonor 25504011 1 07 18 07
Nicolas 25620947 1 18 21 53
Alpha 314047728 1 04 01 20
Inell 480319153 1 00 33 50
An 478903124 2 09 35 13
Lewis 314555995 1 06 17 26
Belva 111459776 2 11 39 31
Rogelio 444011320 2 00 39 59
Genny 560976023 1 01 37 34
Carli 1243857985 2 22 18 10
Elisabeth 474690461 1 20 43 36
Geraldine 479297772 1 16 30 09
Sterling 1216751938 2 16 44 31
Petronila 497870519 2 00 03 26
Belva 479236294 1 00 36 47
Josue 495570392 1 13 15 13
Marline 476009980 2 23 08 24
Josue 135830502 2 22 39 44
Arlean 111464004 1 17 15 12
Denis 1216466441 2 01 02 49
Margene 445815840 2 08 09 03
Darci 137851197 2 10 04 12
Jaclyn 26016164 1 08 34 55
Veta 1223751631 2 21 48 51
Margene 480309192 2 03 07 46
Simone 497690603 2 05 37 59
Cecelia 415754700 1 12 36 21
Genie 314074579 2 00 39 03
Lita 704799581 2 17 22 08
Veta 26016909 2 06 59 33
Man 474681738 2 13 24 32
Julee 428050290 1 17 46 16
Evette 503018173 2 06 42 34
Dorian 411018958 2 22 19 40
Liane 429378644 1 23 51 32
Yuki 560976045 1 05 57 58
Harriette 138234852 2 06 01 08
Edgardo 1243857959 1 20 55 58
Lewis 299597866 1 15 21 18
Son 506111738 2 09 41 48
Everette 510786370 1 10 52 16
Hulda 698819572 1 02 52 32
Madge 495570435 1 21 50 15
Saran 560976008 2 09 06 21
Josue 497159058 1 15 10 37
Jeffery 1234709048 1 14 09 10
Evette 1264279449 1 11 41 04
Everette 478863896 2 17 40 20
Gaynelle 112633704 2 21 11 31
Felton 791709777 1 01 33 50
Rigoberto 560976015 2 12 47 28
Liberty 1296455336 2 15 13 04
Morton 25532206 1 04 15 37
Rudy 480493301 1 00 35 29
Man 1278758082 2 22 13 29
Everette 418015099 1 04 58 49
Manuel 135825230 1 17 23 52
Denis 560405679 1 04 57 14
Gerardo 319327528 1 20 06 42
Dannie 430006699 1 00 22 45
Adelia 1207543169 2 10 33 01
Shery 129558976 2 11 50 07
Creola 1278758077 1 02 34 06
Cecelia 480482965 2 18 02 12
Man 133267098 2 11 52 50
Jeffery 314074282 1 14 38 43
Denis 495504087 1 14 00 44
Ralph 1296455305 2 02 28 44
Liane 497871564 1 04 43 14
Renea 503018109 1 13 44 03
Jc 137901873 1 12 57 37
Delois 285910456 1 07 41 11
Doug 281726621 1 22 50 11
Earnestine 128560420 1 01 08 36
Aisha 114316552 2 13 31 50
Sharri 128664380 1 17 12 53
Carlos 497186086 2 07 36 56
Rupert 789704967 2 15 26 07
Tula 414249873 1 22 22 14
Gaynelle 1165603993 1 23 01 03
Jeffery 128583741 1 03 42 54
Hoa 428050315 1 12 20 19
Renea 452577990 1 11 49 32
Gerardo 506097306 2 12 54 52
Karri 493669151 2 06 17 57
Genaro 314046052 1 02 19 24
Sharri 319327528 2 09 43 41
Vicenta 414976618 2 01 02 03
Marcene 112599907 1 05 03 33
Nathanael 311887301 1 01 16 16
Logan 25632467 2 12 54 39
Belva 560976031 1 19 00 09
Nathanael 791709808 1 00 14 33
Deborah 1252543249 2 06 15 28
Edna 495570457 2 00 05 20
Magnolia 124388790 2 22 22 44
Sharell 96497014 2 14 41 18
Sara 128655644 1 12 35 52
Molly 1097394644 1 05 22 09
Hoa 135825223 1 08 30 53
Alexandria 1216830854 1 16 45 24
Harriette 475555577 1 11 32 46
Genie 128674454 1 23 12 37
Collin 479522367 2 00 37 26
Earnestine 1243809319 2 11 53 40
Simone 1243809345 1 13 40 02
Petronila 560975931 1 15 41 56
Everette 428215652 2 16 14 44
Sean 560978268 2 05 37 46
Mickey 478633549 1 18 27 23
Shirlene 125384256 2 05 34 23
Alejandro 428215366 2 06 26 31
Karine 26122709 1 18 11 37
Christinia 497871786 1 07 42 17
Neal 112617161 2 02 57 41
Scottie 335740656 2 10 03 03
Belva 25507562 2 06 28 13
Brooks 1165604108 1 15 07 15
Gia 497301843 2 03 05 26
Alejandro 114318632 1 01 14 58
Chrystal 495503905 2 10 29 48
Mickey 1236467431 1 20 11 18
Mickey 445439274 2 12 00 29
Bradley 497171015 2 01 11 33
Nathanael 112617129 2 06 45 15
Sterling 412525200 1 00 32 35
Earnestine 112617148 1 19 42 09
Shirlene 299611403 1 14 08 08
Jc 503018104 1 15 10 38
Petronila 1223751659 2 09 49 19
Matilda 1274099026 1 11 08 54
Floria 444017063 2 15 04 30
Lewis 128588840 2 03 04 04
Rigoberto 1165604058 1 16 43 07
Gaynelle 444004620 1 05 55 37
Theodora 420776895 2 03 23 17
Logan 126547497 1 07 24 35
Jaclyn 481266067 2 09 10 56
Renea 560975974 1 03 57 13
Felton 137831873 2 19 45 08
Marline 129795307 2 07 06 46
Chrystal 473894834 1 09 49 05
Freeman 848507127 2 22 47 39
Rogelio 447872458 2 22 35 51
Janae 480346464 1 18 46 07
Alejandro 480482982 1 23 59 26
Nathalie 430006697 1 11 19 25
Rupert 343646682 2 05 20 24
Shawana 497871501 2 15 27 27
Howard 111452222 2 22 51 48
Carlos 420446030 1 14 51 05
Renea 1216789883 2 10 54 22
Easter 475360038 1 13 42 28
Osvaldo 479435796 2 18 43 25
Jamila 479226309 1 20 38 11
Rayford 25504024 1 14 31 33
Patria 135828940 1 21 28 53
Geraldine 25632231 2 11 28 19
Doug 129667178 2 10 46 41
Sharri 1198805161 2 19 38 25
Tod 428215942 2 16 36 02
Jazmine 479226309 2 07 46 42
Elias 111463993 1 23 10 01
Nathalie 280199207 2 11 04 27
Rayford 26015887 1 06 04 03
Clifford 128588856 2 22 44 57
Marian 299610700 2 15 18 15
Rigoberto 497171021 2 05 59 58
Flavia 663689440 1 01 53 42
Son 480476967 1 05 26 29
Antone 848507122 2 14 10 06
Moises 1165604123 2 12 14 35
Neal 1110673453 2 13 04 40
Henriette 25507584 2 00 52 33
Edgardo 1329449089 2 16 10 59
Greg 474552505 2 18 58 25
Denisse 1224758699 1 07 49 51
Marian 1223806727 1 22 35 43
Everette 1243857868 1 14 22 43
Fidel 137996370 1 14 44 19
Gerardo 285952038 2 01 55 57
Molly 479512758 2 05 27 40
Nicolas 114315555 2 19 39 36
Karri 335740663 2 11 57 44
Harriette 314074278 1 08 20 31
Franklyn 428215419 1 06 47 26
Aisha 504782500 2 23 29 33
Felton 475877747 2 04 47 52
Carrie 281726630 2 07 07 14
Rigoberto 414952222 2 13 52 07
Hulda 478863994 2 08 25 58
Nathanael 430006712 2 10 47 53
Edgardo 135824250 2 23 38 01
Theodora 411066303 2 04 37 19
Ebonie 475877057 2 19 43 01
Gia 560400993 2 11 09 06
Sharell 474385797 2 01 31 51
Manuel 133267072 1 03 13 41
Petronila 475050301 2 20 53 46
Lita 497871073 2 20 25 25
Evette 314074702 1 21 15 52
Virgie 114316553 2 12 29 54
Luis 424016809 1 16 21 13
Anton 1249809184 2 05 38 06
Patria 411835387 2 09 19 44
Greg 90378710 1 15 40 07
Karine 135886752 2 09 55 44
Shirlene 497871588 1 05 36 57
Cecelia 513931874 1 12 55 28
Dannie 1223751716 2 10 17 04
Sean 495570413 1 06 23 22
Justine 135816251 1 06 46 00
Sara 428215913 1 04 22 45
Dorian 495570412 1 06 37 49
Mickey 418198057 1 00 09 10
Na 311889074 1 16 20 03
Logan 418091980 1 02 00 35
Emilio 497922809 2 20 47 12
Veta 1110698267 1 13 17 19
Na 480346518 1 06 49 32
Olinda 1097394710 1 21 11 18
Sara 1279341531 1 17 52 25
Floria 114310714 2 16 38 34
Maryam 1223751589 1 12 09 46
Rigoberto 314074588 1 03 35 18
Moises 479226460 2 02 12 39
Justine 499610276 2 11 09 30
Alejandro 428471588 1 02 59 42
Flavia 474553715 2 05 48 25
Karri 473879871 2 23 03 53
Son 137967018 2 12 36 15
Freeman 474676247 1 07 47 27
Scottie 112617135 1 05 10 44
Edna 299586502 2 19 55 27
Antonia 475573504 2 20 12 21
Magnolia 429544568 2 03 08 36
Johnnie 111429620 1 12 16 10
Manuel 1243857999 1 21 43 57
Clarence 1110673696 1 07 54 21
Virgie 1218953235 2 02 26 21
Buffy 1236467624 1 07 37 58
Carli 475876238 2 23 52 46
Alpha 452682221 2 18 51 36
Tula 1105950420 2 05 30 36
Sara 417998906 2 20 21 13
Edgardo 428214933 2 19 50 45
Earnestine 479188257 2 21 36 44
Liane 497922598 2 16 57 59
Flavia 112640768 1 03 18 27
Brandon 475573790 1 19 52 38
Carrie 404776207 1 14 15 49
Shauna 257735088 1 16 02 05
Janae 111619919 1 02 08 46
Venice 1280038250 2 10 12 03
Yuki 299614560 1 04 30 15
Everette 112688602 1 08 32 37
Yuk 1103500487 2 02 17 09
Maynard 130075496 1 10 14 52
Maynard 1236467593 2 08 31 57
Harriette 404770462 1 11 55 45
Franklyn 25532200 2 16 14 09
Luis 479522010 2 14 48 08
Logan 135814912 2 00 24 47
Nada 311888684 1 06 14 06
Dannie 128588858 2 17 36 53
Latisha 560409117 1 07 09 30
Man 1267417378 1 21 30 49
Danita 500009890 2 00 57 22
Cecelia 297880079 2 12 25 00
Liane 480486058 1 21 20 19
Carli 129784803 1 16 17 28
Aisha 126581616 2 14 56 26
Maryam 497320564 2 05 56 20
Rupert 428217657 1 02 31 40
Carrie 477729729 2 18 23 49
Logan 1103500473 2 20 03 29
Geraldine 114309772 2 19 56 01
Thalia 424593424 1 10 27 43
Clora 475328017 1 18 39 46
Molly 475715786 2 18 42 27
Theodora 1147306587 1 08 52 51
Delmar 1110673509 2 13 15 45
Ethan 129550745 1 14 08 08
Latisha 1198805203 2 15 49 39
Ida 686529007 2 07 42 02
Everette 474541515 2 00 51 52
