Scott 128650147 2 07 34 53
Scott 26015898 1 19 01 24
Antony 1097394669 2 15 24 35
Mickey 137967018 1 15 03 23
Tod 111447968 2 02 52 42
Nathalie 128655671 1 09 35 01
Alane 1165603961 2 18 56 44
Rima 495570382 2 21 55 43
Jeffery 428215712 2 09 33 18
Darci 135823936 1 18 22 49
Angelia 475574663 1 15 02 46
Rogelio 1165604133 1 16 19 38
Belva 111465604 2 02 18 44
Genie 414952117 2 05 15 58
Rima 501173434 2 14 17 46
Edna 1264279489 1 09 59 07
Maynard 408436397 1 14 25 56
Linette 1314227319 1 02 09 36
Linette 112640162 1 16 59 51
Agnus 133269312 1 05 32 09
Rogelio 1236467431 1 12 46 44
Debi 560405663 1 12 25 44
Aisha 501173301 2 22 36 44
Manuel 497922265 2 10 12 18
Dorian 789695374 1 23 10 35
Dannie 506111758 1 12 09 18
Antony 411018963 1 04 41 42
Olinda 114310516 1 21 13 52
Liberty 343634629 2 04 44 34
Antonia 299612412 1 19 54 39
Everette 412753749 1 06 13 11
Ebonie 25504025 2 20 33 30
Henriette 311887072 2 05 09 51
Franklyn 432578781 2 10 53 20
Johnnie 479225707 1 20 56 22
Tula 481401139 2 06 04 38
Genaro 111619919 1 21 02 28
Theodora 428215446 1 22 51 43
Deborah 503018178 1 00 43 59
Kenda 1097379616 1 07 42 11
Jamila 476018885 1 22 20 21
Curt 686529017 2 18 27 26
Scottie 424016787 2 19 22 40
Buffy 429433590 2 08 13 38
Scottie 1264279421 2 15 22 39
Samual 1097394592 1 06 42 56
Karine 1108247085 1 17 33 20
Harriette 428214937 1 17 01 41
Morton 137831896 2 01 44 57
Jay 506111714 1 19 12 07
Karine 1309181743 1 01 17 00
Nathalie 125375438 2 16 49 10
Raeann 495570540 1 17 57 05
Genaro 1185192013 1 20 34 06
Rigoberto 1267417381 1 21 21 22
Ethan 1097379548 2 20 59 44
Madge 429262400 2 22 31 54
Yuk 497690563 2 01 57 19
Rogelio 128560274 1 23 54 47
Bradley 789704927 1 14 45 27
Anton 1198778812 2 07 12 16
Brooks 287458442 2 15 51 59
Anna 429544576 2 02 38 44
Era 314041235 1 13 31 13
Liane 435240873 2 19 17 37
Sean 1110698297 1 11 54 06
Jazmine 412525212 1 15 10 11
Jay 417060476 2 13 35 58
Ethan 126580300 2 01 17 21
Clifford 1216830860 1 15 32 20
Madge 1270263239 2 17 24 44
Antony 480476936 1 22 29 22
Yuki 133269314 1 03 58 55
Marg 128594098 2 05 23 25
Cecelia 314047357 1 13 38 57
Clarence 1185192005 1 12 09 34
Liane 114316544 2 03 42 00
Olinda 475352085 2 16 40 38
Son 126545885 1 02 48 58
Nathalie 415754671 1 18 23 20
Marg 314075173 2 19 03 29
Justine 1329449075 2 22 40 11
Man 280200168 2 11 31 36
Delmar 285910930 2 01 59 05
Theodora 429262398 1 02 27 53
Scottie 479189559 2 02 29 27
Madge 111442620 1 19 14 14
Jc 503018207 1 02 33 56
Isadora 560975972 1 18 52 58
Isaac 479435892 2 15 24 53
Renea 1216466464 2 00 45 57
Olinda 478208214 1 13 24 24
Arlean 276935834 2 20 25 38
Antonia 480486065 2 13 21 44
Edgardo 430012044 2 10 41 19
Sara 1097379612 2 19 55 48
Tula 428217476 2 18 19 46
Simone 479189608 2 21 24 43
Yuk 138206145 2 02 19 36
Brandon 299611755 1 21 36 55
