Isaac 1158156660 1 12 44 24
Bradley 1174116482 1 10 29 59
Jesica 1189510578 2 17 03 17
Everette 1174117147 2 05 14 30
Olinda 1194803446 1 14 50 09
Jc 1187086340 1 04 38 11
Sherley 1173440099 1 05 48 28
Shauna 449815892 2 14 44 40
Rudy 1173452786 1 03 19 15
Flavia 1159066067 1 07 00 28
Nathanael 1103651789 1 14 26 20
Clifford 1183621590 2 05 26 50
Rudy 1173452902 1 10 08 30
Santos 1187139238 2 15 51 27
Anton 130212979 2 02 43 59
Harriette 1173452821 2 01 51 10
Kenda 1167369765 1 12 37 31
Margene 1321544583 1 22 01 58
Chrystal 1321544416 2 21 21 48
Chadwick 1321544587 1 20 13 36
Freeman 1149057851 1 05 31 31
Gia 1178253269 2 21 47 04
Rigoberto 1174120911 2 19 28 06
Ila 1321544384 1 04 35 46
Buffy 1321544170 1 05 09 17
Sherley 445099449 2 14 26 13
Rigoberto 1149052113 2 06 20 46
William 1183630363 2 04 05 50
Genny 1173486536 2 19 35 18
Maryam 1159931333 1 03 59 21
Chadwick 1194769884 2 06 22 24
Nicolas 1174116776 2 04 59 15
Shawana 278486904 2 06 49 11
Geraldine 1159931549 1 21 57 16
Shirlene 449815909 1 18 48 55
Gerardo 1191411617 2 02 39 26
Raeann 1190301006 2 02 54 50
Alissa 1104540617 1 11 35 27
Jeffery 1187086291 2 03 47 09
Fidel 1187121703 1 22 12 57
Liberty 135806313 2 23 24 43
Raeann 1174117117 1 17 41 11
Alejandro 1113220349 1 01 43 30
Edna 1189510578 1 20 28 30
Felton 1113220351 1 07 06 04
Nathalie 615304347 1 21 34 52
Karri 278486924 1 04 35 20
Nada 1187070117 2 08 18 43
Ila 1173486765 1 06 30 15
Jazmine 1299524333 1 10 32 41
Curt 278486930 1 17 47 00
Evette 1321544563 1 21 39 54
Jesica 1187087927 2 06 52 13
Edgardo 1160057042 2 07 37 05
Marian 1321544437 1 13 07 35
Molly 1188232550 2 17 38 27
Sherley 1308679576 1 03 29 03
Everette 1321544278 2 04 37 10
Shauna 1183621585 1 03 05 41
Chrystal 1187134883 2 09 51 17
Maryam 1183684053 1 05 14 25
Osvaldo 1193218581 2 12 12 29
Clora 1173497303 1 04 34 57
Hulda 1194803401 2 12 42 23
Creola 1158156474 1 02 42 31
Anton 1183701897 2 21 27 47
Scott 1187136595 1 13 08 04
Alissa 1191478925 1 18 18 33
Neal 1166052499 1 07 57 37
Anna 1187086180 1 00 19 52
Flavia 1183652026 1 10 35 26
Genie 1159958240 2 05 36 06
Deangelo 1194800324 2 13 31 05
Debi 1186511102 2 20 34 25
Floria 1187139213 1 07 56 07
Eda 1159931365 1 14 23 47
Loriann 1161020680 1 00 44 57
Liberty 1183630327 2 15 28 22
Fidel 1316588116 2 19 31 45
Lita 1187130568 2 04 25 53
Latisha 1188232517 1 23 14 51
Jazmine 1190301007 1 08 53 14
Cecelia 263571623 1 23 44 14
Alane 1158156584 2 23 52 12
Sherley 1191494003 2 07 20 59
Sonya 1187139240 1 14 15 59
Emilio 1308679005 1 13 01 08
Evette 278970287 2 06 42 05
Genaro 1173440057 1 06 47 57
Delmar 1149039188 1 16 07 14
Edgardo 1191397565 1 10 26 00
Marcene 1173424938 1 00 16 49
Angelia 1178253250 2 12 42 57
Tula 1193302822 2 22 06 34
Shery 1174120935 1 11 18 11
Talitha 1174117007 2 10 48 44
Jc 1187130548 1 16 17 28
Magnolia 1173425014 1 15 40 22
Christinia 1173486631 2 18 49 39
Easter 1187119121 2 02 38 28
