Howard 712112659 1 14 46 53
Sharell 738187026 1 05 36 15
Eda 223941972 1 16 52 50
Antone 1126015368 1 06 44 32
Geraldine 566497379 1 15 20 35
Chrystal 765343849 2 13 06 02
Ethan 716309726 2 09 56 43
Antonia 251032165 2 11 29 11
Rudy 1308382163 1 19 16 15
Venice 710952474 2 04 04 26
Earnestine 251771891 1 01 54 28
Jeffery 1266037925 1 12 28 07
Everette 1265221456 2 22 46 26
Sherley 729874041 2 12 45 54
Liane 1117519294 2 12 31 42
Matilda 1108960980 2 12 03 06
Isadora 1299766756 2 16 46 43
Freeman 185524231 1 01 35 33
Sterling 223966103 1 15 22 53
Gerardo 248806984 2 03 41 40
Antone 251783631 1 05 40 52
Latisha 185521152 2 23 28 24
Carolann 240143814 1 19 08 01
Anton 1126117890 2 08 19 10
Valarie 253461798 1 17 25 58
Era 712200492 2 15 10 55
Karine 1306856416 2 19 41 26
Debi 1340422495 2 11 19 15
Elias 763919562 2 19 56 33
Maryam 719489607 2 07 01 42
Era 249795537 1 23 11 50
Janell 247449169 2 01 34 15
Jerald 1265221384 2 05 46 57
Patria 253107648 1 11 57 27
Tod 144124751 1 02 25 30
Neal 101486843 1 06 46 57
Inell 249415301 1 21 57 43
Rhiannon 1330356305 2 12 10 46
Emilio 1106662929 2 02 05 07
Valencia 1339035858 1 01 45 18
Na 223957536 1 06 27 38
Denisse 1330356402 1 15 38 22
Valarie 710952485 2 23 26 41
Carolann 1300768759 2 14 41 58
Alane 737084275 2 16 38 55
Santos 249197888 2 11 52 16
Dorian 1345206523 1 03 45 01
Saran 812701818 1 16 35 12
Rhiannon 253267278 1 01 30 17
Rigoberto 1262194577 2 09 36 39
Delmar 954702745 2 13 57 01
Isaac 1215343592 1 05 21 13
Osvaldo 1309535556 2 16 04 22
Isadora 206244279 1 04 59 27
Deangelo 1126015160 1 13 09 08
Awilda 710954162 1 03 37 31
Logan 259427949 1 15 42 18
Sharell 729986271 2 10 18 51
Felton 1268333032 2 20 28 32
Hoa 224905897 1 11 32 35
Alpha 1268333295 2 13 48 13
Carolann 765343296 2 11 19 35
Carli 723395124 2 08 04 33
Rigoberto 250733863 1 02 38 48
Theodora 249493313 1 03 12 13
Inell 709436584 1 14 01 23
Hulda 1299417231 1 22 46 48
Scottie 738166969 1 09 33 26
Josue 723111539 1 00 39 20
Earnestine 1311362025 1 21 24 46
Saran 761253376 2 11 56 25
Rigoberto 228832014 2 18 23 28
Shery 186045169 2 01 22 23
Shauna 760853896 1 04 26 47
Liane 251839274 2 19 33 07
Awilda 1278907183 1 06 46 47
Solange 1311361981 1 23 58 07
Jc 252647449 1 02 18 32
Kyung 251031901 2 01 24 50
Sonya 1263931705 1 01 45 14
Freeman 714588223 2 03 20 42
Nathalie 1106772246 2 04 48 14
Harriette 1269594719 1 10 18 12
Antony 251774414 2 14 39 38
Howard 190623973 1 04 20 28
Solange 723111295 2 23 46 01
Carlos 249415287 1 02 54 33
Liane 251948986 2 20 41 15
Gaynelle 1265221423 1 05 55 30
Alexandria 206161322 1 13 14 55
Madge 1308382312 2 03 14 53
Johnie 1108864552 2 09 27 44
Rupert 738166978 1 02 01 41
Antonia 1330356151 1 19 51 17
Antone 110344408 2 17 42 10
Josue 1278907175 2 05 16 24
Hal 247448761 1 18 52 08
Scott 1309535386 2 09 19 01
Nathanael 1326933244 1 17 49 33
Santos 867504354 1 13 49 16
